100 5
49 -0.321082 -0.0946718 -0.795211 1.58637 2.85037
50 -0.419804 0.0451182 -0.669636 1.55979 2.70691
51 -0.359327 0.439705 -0.859386 1.66708 2.72232
52 -0.173859 0.513325 -0.795737 1.52662 2.68499
53 -0.127085 0.594855 -0.913814 1.39967 2.71302
54 -0.0377288 0.796773 -1.02669 1.4899 2.59486
55 -0.0397976 0.825087 -1.11237 1.40643 2.7507
56 0.0847634 0.947824 -1.34821 1.35056 2.73788
57 0.0784037 0.963702 -1.51479 1.33418 2.62209
58 0.282508 1.00281 -1.55007 1.18606 2.72195
59 0.32676 0.986675 -1.74458 1.16167 2.49465
60 0.378922 0.893821 -1.91396 1.05716 2.5665
61 0.495106 0.889042 -2.05741 1.06144 2.41998
62 0.567867 0.977979 -2.1269 0.999744 2.37591
63 0.672143 0.884823 -2.07539 0.909172 2.419
64 0.960238 0.717397 -2.18411 0.883556 2.43385
65 0.98279 0.823013 -2.20322 0.935569 2.23973
66 1.31277 0.870436 -2.19973 0.818079 2.24576
67 1.4588 0.867999 -2.17625 1.07179 2.14533
68 1.65784 0.907651 -2.00299 1.17827 2.08912
74 2.07797 0.569627 -2.02514 1.73574 1.4162
75 1.99953 0.405262 -2.14267 1.63238 1.36471
76 1.90536 0.251939 -2.19743 1.69077 1.17691
77 1.9311 -0.0139949 -2.26107 1.80405 1.13463
78 1.9411 0.0877644 -2.24155 1.87588 1.04368
79 1.79752 -0.139739 -2.26981 1.99462 1.04052
80 1.58622 -0.255283 -2.35967 1.9329 0.838459
81 1.50263 -0.327854 -2.42095 1.99319 0.759556
82 1.27207 -0.369479 -2.34303 1.97257 0.873289
83 1.12314 -0.497595 -2.35397 2.19308 0.759393
84 0.966568 -0.495818 -2.40585 2.16951 0.798234
85 0.805582 -0.50265 -2.40638 2.09548 0.70329
86 0.677686 -0.449652 -2.28286 2.25355 0.772008
87 0.548562 -0.345622 -2.20214 2.30099 0.661893
88 0.358587 -0.212762 -2.16301 2.39221 0.714235
89 0.30565 -0.0618361 -2.01864 2.48154 0.820252
90 0.226627 -0.0265471 -1.84923 2.45348 0.820923
91 0.178756 0.0533527 -1.81555 2.44994 0.80868
92 0.213456 0.225325 -1.46922 2.50642 0.916403
93 0.0944036 0.206143 -1.2804 2.6188 1.08928
94 0.176649 0.281457 -1.17669 2.62399 1.11404
95 0.233825 0.108292 -0.905934 2.56059 1.21624
96 0.294318 0.0556569 -0.764675 2.65312 1.30327
97 0.390548 -0.0617449 -0.679086 2.75334 1.5383
98 0.544929 -0.126267 -0.659981 2.92019 1.54559
99 0.395936 -0.348981 -0.580313 3.14243 1.85836
0 1.37703 -2.05857 -1.39823 5.99222 4.01453
69 1.58953 0.899943 -2.14371 1.1249 1.88528
70 1.78879 1.08579 -1.92154 1.35364 1.88954
71 1.90597 0.917095 -2.03617 1.46706 1.82663
72 1.87768 0.876618 -1.97242 1.59478 1.79911
73 1.96361 0.607126 -2.11539 1.56701 1.52247
39 -0.0478989 -1.41563 -1.80957 1.35554 2.04372
40 -0.131067 -1.28438 -1.68064 1.30901 2.08133
41 -0.0748666 -1.25176 -1.68205 1.36531 2.28532
42 -0.342318 -1.19847 -1.6092 1.33427 2.12261
43 -0.329626 -1.05182 -1.44222 1.45902 2.37337
44 -0.48859 -0.931774 -1.28335 1.50373 2.59302
45 -0.403211 -0.75212 -1.278 1.63573 2.52611
46 -0.440986 -0.649286 -0.969799 1.54559 2.76984
47 -0.55024 -0.471365 -0.944516 1.59681 2.80826
48 -0.45899 -0.232965 -0.877614 1.51786 2.76688
7 0.893018 -0.317032 -1.31744 1.9695 1.89809
8 0.953933 -0.292687 -1.34399 1.97618 1.98685
9 1.13364 -0.215233 -1.25098 1.94349 2.05769
10 1.2406 -0.155471 -1.03847 1.9231 2.07339
11 1.47328 -0.0544879 -0.771049 1.87537 2.12155
12 1.66079 0.0767043 -0.528217 1.89339 2.17293
13 1.67239 0.112237 -0.549917 1.93031 2.20493
14 1.74493 0.225112 -0.407767 1.97343 2.27777
15 1.85446 0.210135 -0.30019 1.92356 2.28484
16 1.87995 0.0415216 -0.373055 1.84296 2.30977
17 1.82808 0.0223889 -0.398465 1.82706 2.32395
18 1.8287 -0.0429131 -0.411429 1.75932 2.33768
19 1.94394 -0.207467 -0.345542 1.63167 2.31661
20 1.87152 -0.369243 -0.463514 1.50818 2.30061
21 1.90927 -0.520774 -0.619237 1.45774 2.21894
22 1.86144 -0.579973 -0.476339 1.2804 2.21678
23 1.86952 -0.696924 -0.54028 1.23791 2.2622
24 1.9044 -0.849391 -0.683387 1.18134 2.10037
25 1.67427 -0.836152 -0.702945 1.10875 2.15007
26 1.72054 -1.04582 -0.986104 1.16605 2.02161
27 1.62906 -1.04669 -0.995393 1.13298 2.03266
28 1.56265 -1.15985 -1.04849 1.07425 2.06345
29 1.49231 -1.32224 -1.25014 1.09447 1.9745
30 1.36095 -1.39109 -1.4311 1.00553 2.06205
31 1.33392 -1.45736 -1.42492 1.08657 1.99749
32 1.06534 -1.5334 -1.6154 0.977803 1.97603
33 0.891674 -1.56618 -1.64799 0.943379 2.02861
34 0.701498 -1.49455 -1.69559 1.13767 1.98844
35 0.613258 -1.56124 -1.78938 1.18189 2.04559
36 0.377885 -1.52509 -1.7422 1.23249 2.03563
37 0.318828 -1.44593 -1.86723 1.12137 1.98161
38 0.084309 -1.48532 -1.87803 1.26753 2.01497
4 0.783865 -0.216747 -1.02888 1.69654 1.69183
5 0.835165 -0.276341 -1.18045 1.80414 1.77235
6 0.906691 -0.321617 -1.22897 1.86356 1.85561
3 0.766865 -0.250791 -1.00743 1.5217 1.52097
1 0.451215 -0.179683 -0.65289 1.28813 1.11605
2 0.616491 -0.229522 -0.810621 1.49148 1.36581
