35 2
1 -0.131078 -0.192044
22 0.0801116 -0.30345
0 2.4179 -2.22532
13 0.0856236 -0.545444
7 -0.340313 -0.449906
17 -0.0239697 -0.637816
4 -0.301253 -0.239037
14 -0.150024 0.2196
34 -0.63033 -0.894714
6 -0.287453 -0.197247
33 -1.02165 -0.0451597
19 -0.225995 -0.0658994
29 -0.454816 0.132551
8 0.0354775 -0.505493
11 0.0766704 -0.396353
24 -0.546459 0.0675009
26 -0.964196 -0.17331
32 -1.14345 0.0608594
27 -0.214855 -0.0778461
30 -0.439673 0.107656
21 -0.198703 -0.126147
3 -0.495311 -0.134294
5 -0.328253 -0.356768
12 0.201527 -0.293061
16 0.01631 -0.0570027
2 -0.679144 -0.11092
20 -0.00500076 -0.329541
10 -0.227788 -0.126521
28 -0.0673936 -0.116289
23 -0.374271 -0.198493
15 -0.200084 -0.207243
9 -0.238751 -0.0411702
31 -0.374083 0.10939
18 0.23878 -0.181314
25 -0.651784 0.0427151
