1000 5
556 -0.443062 1.09506 0.470973 -0.440881 -0.961709
983 -1.00289 3.79128 -0.292615 -2.67148 -2.91538
5 -0.302935 -0.0873828 -0.0995808 -0.51924 -0.672966
203 0.263876 -0.0293553 -0.459327 -0.739181 -0.448742
988 -2.52044 -1.24481 1.47033 -2.61094 -5.86719
987 -1.47905 3.02754 -2.96371 -4.01876 -4.61138
961 0.402267 -0.487593 1.79479 -1.10451 -1.64596
979 0.954884 -1.10482 4.80503 -3.12438 -4.3786
336 0.592885 0.0521799 -0.426066 -0.4678 -0.543323
379 0.739754 -0.0400076 -0.260918 -0.655825 -0.493545
851 3.81941 0.275548 0.00925404 -5.15226 -1.97349
739 1.38481 -0.388545 -0.451802 -0.894 -1.18542
772 4.13523 -1.15817 -1.50137 -2.88781 -3.87521
901 1.48646 -0.122495 -0.617533 -1.06592 -1.25904
998 4.18583 -0.272297 -1.75498 -3.07503 -3.24392
176 0.0513508 0.00147523 0.337762 -0.0410408 -0.920356
936 -0.0132784 -0.116159 2.63747 0.0289982 -7.04419
533 0.531938 1.28588 0.480046 -0.449387 -0.92509
797 1.21097 3.48435 2.82464 -1.58935 -3.19651
190 0.206092 0.441215 -0.230885 0.0449358 -0.925201
946 1.11014 3.14628 -1.66324 -0.0178426 -6.37724
421 0.0505688 0.202284 -0.0720036 -0.655022 -0.379179
732 -0.205392 0.130093 -0.238833 -0.724309 -0.531735
791 0.510074 -0.242333 0.321649 -2.32361 -0.661553
927 0.688844 -0.303522 0.486602 -3.13839 -0.868066
954 2.08574 -0.417788 1.10338 -7.27266 -1.9822
876 -1.23403 -0.938102 -1.00715 -3.39785 -2.84465
903 1.9588 3.09782 1.77364 -5.56524 -1.55993
748 0.71115 -0.53846 -0.0495865 -0.25824 -1.14542
963 3.12744 -1.24898 -0.539665 -0.595358 -5.10354
353 0.555516 0.104648 0.160025 -0.328082 -0.373613
632 1.15467 0.116247 0.632905 -0.649564 -0.787359
766 4.90333 0.385926 2.66945 -3.00687 -3.43725
138 0.684105 0.550307 -0.219657 -0.420265 -0.601917
411 1.39969 1.10456 -0.513604 -0.913949 -1.15572
716 1.57043 1.28363 -0.685579 -1.04713 -1.34751
902 4.70984 3.54877 -2.08343 -2.99332 -4.15601
272 0.215135 0.79746 -0.247511 -0.879091 -0.427546
526 0.232594 0.998319 -0.248001 -0.772523 -0.439904
949 0.3625 2.137 -0.113478 -0.739833 -1.66268
968 0.704078 5.33106 -0.00323926 -1.87411 -4.40549
908 2.84337 5.39696 -1.50912 -2.86986 -4.28903
783 -0.279937 1.58559 -1.07834 -0.796203 -2.24935
842 -0.44922 4.01474 -2.38666 -1.80983 -5.40852
473 0.855424 0.0544694 0.0540665 -1.21467 -0.386603
450 -0.197407 0.372413 0.420846 -0.215096 -0.573822
814 1.59958 2.61701 3.47141 -2.76422 -2.29628
599 0.446123 -0.398272 0.415292 -0.786011 -0.675969
604 0.564312 -0.571803 0.02473 -1.16359 -0.617228
367 0.60657 0.264355 0.126296 -0.853042 -0.451813
975 2.87956 1.64508 -0.364639 -6.14286 -1.5493
833 0.423093 1.9207 3.77807 -4.87604 -2.16371
321 1.2287 0.517248 0.25803 0.0923688 -1.80171
894 3.93881 1.65486 0.482214 0.234548 -6.00423
382 0.432549 0.0329504 -0.237035 -0.126599 -0.794548
429 0.628086 0.822987 0.229215 -0.220309 -0.966804
629 1.16108 1.53378 0.472194 -0.265795 -1.73731
955 1.43697 1.81717 0.576168 -0.353113 -1.99619
964 3.63671 4.25325 1.21328 -1.00833 -4.67725
918 1.84468 -2.6994 -0.942948 -3.42804 -3.977
354 0.268473 0.169737 0.165314 0.165817 -1.11954
762 1.74852 1.60903 0.276775 0.814927 -6.5416
852 1.51707 0.116016 -0.392976 -0.701463 -1.31037
875 2.00464 0.178471 -0.557219 -0.897865 -1.64761
881 4.96577 0.791062 -1.42136 -2.39366 -4.05467
182 0.903273 0.526011 -0.0965589 -0.952909 -0.49446
412 1.2612 0.390504 -0.112309 -1.15151 -0.584518
708 4.66534 1.50877 -0.583736 -4.33947 -2.42747
360 0.00396544 0.288421 -0.345296 -0.701114 -0.432873
404 -0.290376 0.54092 -0.596711 -0.858164 -0.772615
462 -0.404188 0.750803 -0.860406 -1.2282 -1.08557
753 -0.518844 0.975364 -0.987212 -1.63 -1.34848
113 0.00575207 0.280367 0.534878 -0.466715 -0.551419
920 1.0097 0.260121 4.09935 -4.3963 -2.58601
281 0.366723 0.250069 0.103396 -0.112509 -0.706188
904 2.32194 -1.63073 -1.88355 -1.6455 -4.70569
397 0.210315 0.321901 0.338149 -0.0556369 -0.714077
933 2.69072 -0.623938 2.55589 -1.74318 -2.87772
107 0.249944 -0.256162 0.411736 -0.404797 -0.529888
802 0.945995 0.339781 0.402663 -0.69869 -0.4633
995 0.836037 -0.630387 3.15514 -4.99956 -2.20719
179 0.534015 -0.469861 0.757734 -0.33769 -1.13808
499 0.817741 -0.937589 1.41123 -0.595641 -2.37892
871 1.98557 -2.22384 3.25815 -1.55328 -5.47953
359 -0.616292 -0.0355783 -0.395094 -0.667491 -1.35375
587 -2.47881 0.36723 -1.66998 -3.01541 -5.18503
867 -0.378298 1.9521 -2.55801 -4.93077 -2.85943
448 0.758893 0.0657795 -0.67615 -0.449758 -1.03709
477 0.914504 0.240636 -0.654057 -0.328687 -1.17293
554 1.39197 0.61976 -0.689654 -0.31904 -1.7654
899 3.88024 1.69321 -2.01061 -0.969687 -4.8903
675 0.0856506 0.525601 0.117804 -0.33905 -0.373361
755 1.61491 0.25527 0.67963 -1.62853 -0.71831
900 4.55147 0.794457 1.6472 -4.64838 -2.25169
314 0.150895 0.142322 0.0632564 -0.629686 -0.169086
799 0.394661 0.128342 -0.103899 -0.963927 -0.188082
974 -0.674807 2.39818 2.07282 -6.42519 -2.0815
385 0.0168699 -0.134986 0.388826 -0.172211 -1.0189
651 -0.00577364 0.0220309 0.684988 -0.0467447 -1.60037
703 -0.0205994 0.0993066 0.910331 -0.0364794 -1.99747
826 -0.0394167 0.0281874 1.13766 -0.0423663 -2.61081
874 0.0120674 -0.0105141 1.25381 -0.0465038 -2.95339
81 -0.0025565 0.0523237 -0.296874 -0.869881 -0.38517
178 -0.224002 -0.170796 0.340451 -0.73135 -0.49359
892 -1.14498 -0.00180675 4.20139 -4.54433 -3.71953
717 0.69415 0.167789 0.449257 -0.165548 -0.577317
726 4.75617 0.0326612 0.418451 -2.53354 -3.18685
451 -0.414602 -0.348316 -0.0752865 -0.775188 -0.946589
872 -0.569215 -0.447028 -0.115843 -1.12658 -1.20836
921 -0.832195 -0.781254 -0.186471 -1.76406 -1.92394
985 -2.07382 -2.17636 0.0277874 -4.46198 -5.19858
268 0.361881 0.632455 0.411767 -0.159597 -0.692229
407 0.503329 0.783738 0.566058 -0.189124 -0.875289
794 0.760118 1.22849 0.837594 -0.300491 -1.30505
893 2.00194 3.66163 2.38918 -0.722585 -4.09811
248 0.582758 0.0143942 0.391189 -0.150982 -0.639981
330 0.868365 -0.0748175 -0.0300739 -0.0112359 -1.0223
693 1.06404 -0.0218699 -1.1134 -0.32155 -2.4086
758 1.20238 -0.0608446 -1.22143 -0.32581 -2.74458
759 2.77526 0.262826 -2.80754 -0.73417 -6.48087
79 0.213572 0.27193 -0.431597 -0.57492 -0.570555
341 0.174465 0.133037 -0.806057 -0.537939 -0.992455
364 0.164164 0.247921 -0.807821 -0.556665 -0.998042
417 0.280466 0.376745 -0.850767 -0.450004 -1.14253
986 1.68035 2.06899 -2.67826 -0.752479 -5.02115
619 -0.0813908 -0.138037 -0.241729 -0.287594 -0.518026
989 -2.64217 2.46812 -0.421017 -5.32814 -3.80814
589 1.36764 3.16034 -1.07034 -4.05629 -1.65881
225 0.447443 0.237125 -0.0645205 -0.798447 -0.241257
572 0.925343 0.247766 0.0985537 -1.25575 -0.397304
584 1.30943 0.161939 0.810042 -1.06063 -0.989641
613 1.83682 0.175073 1.12202 -1.36279 -1.28106
854 4.4315 0.397184 3.00743 -3.53063 -3.24161
564 2.04639 0.664364 -1.87344 -3.69985 -1.65494
136 0.397853 -0.0218575 0.547702 -0.30152 -0.554463
733 0.118047 -0.120735 0.510499 -0.110478 -0.840263
788 0.2316 0.151522 0.656495 -0.746817 -0.325105
456 0.452005 0.579139 0.368247 -0.206127 -0.682431
999 1.9772 3.40725 3.2646 -0.74876 -5.11904
72 0.633938 -0.22372 0.125316 -0.388419 -0.549094
106 0.484365 0.105878 0.512255 -0.429763 -0.400176
624 1.38046 2.46175 3.14478 -2.41541 -2.2899
229 0.513342 0.111197 0.211764 0.0554866 -0.918142
746 4.18741 1.56223 1.35833 -1.08612 -3.51804
134 0.296295 -0.0624668 0.388563 -0.594094 -0.357656
931 2.07712 1.07367 0.245112 -1.06175 -1.29743
966 5.12615 2.71247 0.481781 -2.56747 -3.4737
73 0.378427 0.539253 0.160762 -0.128817 -0.62857
864 0.383847 1.69949 -0.0331414 -0.700335 -1.22985
942 0.373298 2.00636 -0.016393 -0.742211 -1.49781
171 0.501061 0.0626513 0.283188 -0.438377 -0.431429
812 0.756783 -0.508168 0.933073 -1.1961 -0.925743
841 2.26983 -1.45596 2.92281 -3.84464 -2.8399
614 1.03476 -0.228941 0.503313 -0.206982 -1.30694
953 4.38847 -1.21631 2.26567 -1.15708 -5.61004
735 1.53978 0.314855 1.79979 -0.787218 -1.78779
958 3.47301 0.591227 3.86699 -1.67068 -4.2127
915 0.412767 -0.517241 -0.139116 -5.06273 -1.52647
402 0.327779 -0.317592 -0.0969332 -0.580895 -0.390808
969 0.442055 -0.951197 -2.82354 -5.02863 -3.34071
935 3.52204 2.90647 2.418 -4.39735 -2.15366
764 0.511262 2.12856 1.96875 0.371719 -4.76251
319 -0.0578457 0.377347 -0.310731 -0.374653 -0.630362
438 -0.297449 1.08813 0.637504 -0.957542 -0.930646
997 -1.18521 4.30974 3.43931 -4.01229 -4.07397
686 -0.865412 -1.98824 -1.08908 -2.45994 -4.53756
784 3.2997 1.89029 -2.55141 -3.85658 -2.80364
339 -0.160138 0.16866 0.262524 -0.255805 -0.592227
922 -0.54572 1.09235 -1.15978 -1.71042 -1.67993
809 0.329503 -0.680589 -0.00796019 -1.42545 -0.765134
934 1.23143 -2.34529 -0.219792 -4.91918 -2.79839
251 0.115468 -0.284333 -0.238852 -0.304916 -0.749219
630 0.868092 -1.43946 -1.92213 -1.23766 -5.31019
521 -0.0190065 -0.628311 0.60608 -0.838901 -1.01659
967 -0.0232216 -2.46833 3.03334 -3.50135 -4.30116
434 0.0806579 0.52257 0.383729 -0.944108 -0.489505
447 0.0506958 0.388726 0.386778 -0.784199 -0.384367
701 0.0664908 0.522687 0.337298 -0.731513 -0.260486
970 3.00141 0.68316 3.16746 -5.64345 -1.97811
109 -0.321931 0.0436243 0.814713 -0.530222 -0.831926
767 -0.909658 -0.503137 0.535754 -0.845269 -2.14342
478 0.867351 -0.23923 0.479053 -0.270128 -1.19229
859 1.5116 -0.411485 0.705038 -0.3621 -1.88284
965 1.17372 -2.60508 -1.98372 -2.81507 -5.01206
343 0.544054 0.157666 0.643677 -0.46556 -0.60801
363 -0.00109217 0.212196 0.292606 -0.288997 -0.631773
575 1.30828 1.1278 0.798415 -0.929847 -1.08673
687 1.63762 1.39073 1.00633 -1.07809 -1.22632
712 3.83524 3.33047 2.70005 -2.58951 -3.12615
782 2.70284 1.65172 1.29428 0.140083 -3.7606
132 0.445428 0.244615 0.580925 -0.0489397 -1.16224
555 0.534617 0.374828 0.739602 0.0681548 -1.40162
709 0.714149 0.56715 1.05339 0.05476 -1.91516
917 2.36285 1.24251 2.92864 0.108383 -5.62447
374 -0.304761 0.360944 0.18267 -1.31897 -0.346395
605 -0.392082 0.389238 0.608508 -1.16426 -0.513157
628 -0.213422 0.861208 2.34628 -1.48493 -1.87703
692 -0.42087 1.96439 5.11321 -3.37252 -4.20724
243 0.252834 -0.369071 -0.134693 -0.546083 -0.583432
905 2.65737 -0.482312 1.41552 0.28174 -6.36278
514 1.55091 0.533486 -0.169929 -1.50806 -0.718913
66 0.172038 0.365457 0.522071 -0.0562562 -0.708645
980 1.43069 1.80583 -0.341507 -0.219304 -2.39675
981 3.44961 4.04049 -1.09575 -0.633323 -5.6751
940 -0.189796 -0.485747 0.895993 -2.38776 -1.01389
948 -0.202443 -1.46854 1.78717 -5.91494 -2.6631
304 -0.231804 0.0793381 -0.21883 -0.597234 -0.513544
620 0.0963014 -0.841007 0.329559 -1.08004 -1.0585
634 0.170594 -1.43325 0.520694 -1.73218 -1.78896
690 0.134762 -3.48206 0.945501 -4.60342 -4.54317
340 0.730603 0.558123 0.0403444 -0.0182986 -0.955597
609 0.955127 1.4832 1.54397 -0.347429 -2.21914
170 0.546708 0.359895 -0.59519 -1.05404 -0.645297
552 0.898245 0.527828 -0.864827 -1.55473 -0.821841
757 1.1097 0.662623 -1.16386 -2.07376 -1.08349
992 2.74225 1.5999 -2.74685 -5.00809 -2.71352
137 0.628034 -0.0233287 -0.26652 -0.18885 -1.02228
320 -0.817495 -0.339374 0.400731 -0.816302 -1.69523
601 -0.25813 0.0191205 0.379681 -0.784374 -0.332268
649 0.108368 -1.17359 0.452673 -1.4932 -1.4393
566 1.59683 0.0152498 -0.46143 -0.275 -2.0014
738 4.24798 -0.211945 -0.912336 -0.735838 -5.59144
729 0.0142546 0.0705102 1.90978 -4.17506 -1.50335
262 -0.325625 0.39233 0.426957 -0.353002 -0.709897
454 -0.159027 -0.0914235 0.629695 -0.385794 -0.708483
559 0.236663 -0.00807885 0.0722495 -0.520766 -0.242826
951 -1.65862 3.27418 -0.140836 -1.25297 -4.5995
162 0.859045 0.184546 -0.154776 -0.473281 -0.477717
860 3.69418 -1.69412 1.12554 -2.26579 -3.6418
142 0.694799 0.0964053 -0.0694114 -0.451663 -0.375429
267 0.281834 -0.236365 0.0673908 -0.358338 -0.423069
597 0.35771 0.623282 -0.213995 -1.24192 -0.329258
773 3.31048 4.03405 -0.330056 -4.03872 -2.32154
574 1.27809 1.01375 -0.591389 -0.816257 -1.11907
768 -0.404167 0.472113 -1.02072 -0.501006 -2.13291
882 -1.01092 1.58634 -2.66428 -1.34011 -6.26636
275 -0.0862965 0.157937 0.761498 -0.943348 -0.551091
672 -0.316224 0.344692 1.09088 -1.31353 -0.787659
806 -0.9877 0.786894 0.808311 -1.80397 -1.26729
846 -2.36324 1.73627 2.10547 -4.55005 -3.37308
174 0.482273 0.082771 -0.0831614 -0.601045 -0.366725
485 -0.146899 0.538072 0.475649 -1.41784 -0.440708
832 -0.289396 0.874181 0.753367 -2.42641 -0.723645
167 -0.147315 -0.018279 0.09124 -0.0840248 -1.05813
307 0.207849 0.00255187 0.0341306 0.071335 -1.05745
639 -0.17298 -0.0909703 -0.0625124 0.0768922 -1.98395
844 -0.253841 -0.0630311 -0.183752 0.25147 -6.61559
618 1.34409 1.07862 0.23079 -1.08222 -0.803728
836 3.9345 3.04564 0.633968 -2.99487 -2.52042
704 1.43556 1.10294 -0.634358 -0.923404 -1.18546
581 0.35358 0.337886 -0.0890265 -0.727371 -0.255533
743 0.748335 1.67823 -0.450931 -0.856012 -1.2726
665 0.567857 0.376859 0.799311 0.0150767 -1.41998
547 0.672635 -0.0528999 0.551498 -0.395351 -0.466919
645 1.21104 -0.6227 0.148256 -0.896191 -1.11986
765 1.87908 -1.05908 0.211415 -1.41875 -1.8093
775 4.64054 -2.23743 0.609425 -3.56488 -4.1632
310 -0.214617 -0.360465 0.177983 -0.776974 -0.758908
335 0.237463 -0.148433 0.712229 -0.577109 -0.570506
531 2.3053 0.657127 4.50554 -3.2973 -3.0305
785 0.490181 -0.920405 0.505681 -0.84081 -1.27381
984 1.82527 -2.80775 1.67943 -2.63774 -4.19287
529 -0.0523375 0.00394186 -0.226477 -0.688794 -0.668167
663 -0.299639 -0.371798 0.132344 -0.536231 -0.798717
839 -1.14506 -1.15785 0.984636 -0.753646 -5.93343
707 0.975161 -1.15863 0.384573 -2.52787 -1.31016
752 2.27384 -2.64239 0.965029 -5.63807 -3.16855
497 -0.1157 -0.166868 -0.328612 -1.18374 -0.517855
886 0.795125 0.965698 -3.88794 -4.06144 -3.93742
201 -0.0103623 0.00782173 0.330228 -0.395043 -0.35913
680 0.376367 -1.0481 -0.765435 -1.07619 -1.97799
93 0.00233073 0.0580123 -0.0297674 -0.000682433 -1.10206
608 2.61557 -0.466521 -3.24574 -2.56161 -4.32868
253 -0.183349 1.11112 0.708069 -0.358501 -1.16232
622 -0.205461 1.47334 0.923473 -0.54002 -1.50678
790 -0.502935 4.38957 2.4976 -1.44784 -4.84039
565 0.401194 -0.381455 0.47821 -0.730821 -0.543525
578 0.54581 -0.395049 -0.0734609 -0.952364 -0.488188
877 2.07818 -1.88567 2.93158 -3.70502 -3.07543
151 0.396497 1.04715 0.285533 -0.804689 -0.577955
895 1.18308 5.0987 1.29423 -3.63025 -2.87572
699 -0.863046 -0.0853228 1.32023 -1.28488 -1.8027
725 -2.46651 -0.141126 3.56218 -3.38172 -5.43649
327 0.0911557 -0.204635 -0.150662 -0.0722704 -1.15559
962 1.22342 -2.17707 0.89277 -0.510546 -7.05102
294 -0.53694 0.296925 0.302324 -0.338984 -1.00344
577 -1.42868 1.35456 1.53901 -0.522096 -4.59063
39 0.430081 0.406656 -0.234451 -0.209355 -0.582107
386 0.522678 0.677125 -1.04805 -0.656279 -1.41393
390 0.697209 0.716902 -1.31245 -0.736935 -1.54199
700 0.621811 1.72564 -1.39919 -1.18768 -1.96365
896 1.26125 3.98498 -3.29627 -2.96553 -4.48208
29 0.171927 -0.103925 0.0523113 -0.0922468 -0.757217
193 0.253753 -0.430671 -0.0482215 -0.516075 -0.554189
865 2.63498 -3.05547 -0.363695 -2.72356 -4.79147
557 0.854777 -0.498863 -0.685099 -1.7861 -0.96423
646 1.06262 -0.577426 -0.836917 -2.14219 -1.2301
781 1.04815 -0.649583 -0.780782 -2.17959 -1.21932
807 3.12049 -1.51758 -2.22357 -6.04226 -3.39078
669 1.53647 0.524062 0.277113 0.0792496 -2.24059
440 0.63057 -0.146129 0.263652 0.0745979 -1.52637
416 -0.319648 0.535065 0.464469 -0.573057 -0.821752
576 0.735578 1.07792 0.636767 -1.71602 -0.587116
749 0.91908 1.31853 0.744422 -2.10397 -0.642023
751 1.08336 1.53582 0.872738 -2.50583 -0.72111
192 -0.448341 0.147071 -0.210475 -0.469454 -0.826093
408 -0.142964 -0.144606 0.480045 -0.720917 -0.521227
821 1.00335 1.31503 0.42736 -0.299389 -1.47719
930 1.05872 1.27542 0.43343 -0.237625 -1.44637
525 0.40325 -0.422175 0.351894 -0.685234 -0.553082
551 0.144292 -0.00118224 -0.21668 -0.0869279 -0.913928
458 0.519921 1.03454 -0.286841 -0.508674 -0.80596
906 0.881174 1.87969 -0.508518 -0.94146 -1.45072
541 0.309216 -0.0353533 -0.260895 0.0710809 -1.78771
928 0.377866 -0.0932189 -0.305731 0.105906 -2.45057
996 1.53512 -0.292677 -1.31813 0.120726 -7.71189
236 0.00529309 -0.0144195 -0.32701 -0.899198 -0.514963
289 0.407771 -0.178291 -0.441258 -0.591316 -0.559479
455 -0.143818 -0.395353 -0.660493 -0.857976 -0.85371
926 -0.199635 0.688003 0.60023 -1.90685 -0.551097
105 0.243483 0.272213 0.316583 -0.501986 -0.321286
245 0.251008 0.534408 0.0461312 -0.755972 -0.276585
365 0.309186 0.60352 0.00767715 -0.985183 -0.276841
643 1.3579 1.22763 0.909698 -1.72171 -0.796884
273 0.28362 -0.0328246 0.346668 -0.583704 -0.374314
38 0.465917 0.346092 0.263457 -0.67387 -0.381688
430 0.439985 0.766385 0.0887189 -0.957272 -0.22599
719 0.763272 0.490672 0.189004 -1.08469 -0.154387
943 4.08519 -1.10518 0.287747 -5.4162 -2.53241
631 -0.378098 1.53784 0.947465 -1.41295 -1.30773
929 -0.600677 1.99453 1.30904 -1.90488 -1.78127
308 0.425377 0.144415 0.447074 -0.872618 -0.402731
803 -0.432857 1.55676 1.00978 -1.4191 -1.41635
866 -0.456825 1.64235 1.08666 -1.37911 -1.43692
546 0.853353 0.936441 -0.133313 -0.112617 -1.36249
282 0.0554484 -0.0444541 -0.253262 -0.025182 -0.93784
507 0.139584 -0.328335 -0.453493 -0.85199 -0.676101
960 -0.199727 -2.01314 -0.86877 -5.85138 -3.28676
61 0.451797 -0.227566 -0.303416 -0.876629 -0.487337
786 1.16482 -0.588497 -0.870792 -2.25543 -1.27526
270 -0.0384282 0.335656 -0.239548 -0.0362404 -0.747041
890 -2.16263 -1.38655 0.549936 -4.44202 -3.84323
222 -0.0889655 0.269489 -0.631185 -0.395654 -1.15001
129 -0.191977 0.0808149 0.437405 -0.298162 -0.908463
181 -0.0462683 0.280582 0.603461 -0.106157 -0.839286
500 -0.32112 0.226451 0.613276 -0.322797 -1.27065
972 -0.353999 1.68138 3.58266 -0.906377 -4.97682
212 0.656538 0.13907 0.148491 -0.0616141 -0.633679
889 1.2287 -0.0577035 0.723582 0.144532 -2.66413
191 0.398184 0.375637 0.00989541 -0.203445 -0.575607
734 2.04077 0.13095 1.00531 -1.20997 -1.34332
41 -0.0889757 0.36773 -0.238041 -0.0795009 -0.90724
472 -0.383294 -0.0839193 -0.572045 -0.414069 -1.58494
510 -0.505739 -0.175326 -0.677638 -0.423593 -2.20216
676 -0.981877 -0.792814 -1.72496 -1.20079 -6.22554
804 1.40227 0.189493 0.616152 -1.40696 -0.67961
837 -0.528085 0.103986 -0.34283 -0.434059 -1.03426
879 -1.9301 1.21445 1.28459 -0.666712 -5.91254
119 -0.1767 0.238211 -0.0954942 -0.367839 -0.527757
873 -0.907135 -1.77153 2.24218 -1.6656 -5.83202
76 -0.130743 0.690339 0.419267 -0.257025 -0.799209
453 1.14136 0.30708 1.04243 -1.8126 -0.653459
520 1.48093 0.371443 1.37626 -2.30801 -0.847246
835 1.69167 0.392062 1.60285 -2.74621 -0.9711
536 0.437324 0.0860259 -0.623932 -0.691365 -0.495351
705 0.137479 0.0568673 0.521112 0.20254 -1.36525
7 0.188066 0.0113623 -0.42873 -0.795808 -0.411305
463 0.503529 0.100926 0.141273 -0.451521 -0.258879
798 -0.451463 1.76068 3.35437 -0.896345 -4.49671
460 0.40764 -0.118471 -0.488747 -0.837536 -0.562197
819 1.47375 0.604215 0.258828 -0.680836 -0.977187
293 0.0198696 -0.502099 0.050805 -0.543275 -0.785352
594 0.0552625 -0.926278 0.240914 -0.759365 -1.50168
888 -0.0210798 -2.89236 0.942047 -2.34502 -5.09935
845 1.10762 -1.24244 -0.130196 -1.04572 -1.93613
469 0.126685 0.303652 -0.389638 -0.106693 -0.804139
449 0.146493 -0.273356 0.177979 0.00913368 -1.20128
617 0.136561 -0.0926114 0.458545 0.143399 -1.52789
94 0.787815 0.198843 0.00830724 -0.429959 -0.448612
387 1.02754 0.0048721 -0.0361619 -0.571918 -0.70183
506 0.804346 -0.38426 -0.0160617 -0.166026 -1.17648
660 0.364877 -0.969275 -0.0515443 -0.420575 -2.04331
982 0.951694 -2.79791 -0.235385 -1.45429 -6.14559
152 -0.160307 0.202394 -0.565796 -0.415208 -1.20212
269 0.612946 0.0347691 -0.0982641 -0.904886 -0.44326
668 1.45831 0.0989351 0.016624 -1.96838 -0.683625
728 0.504856 -0.0861909 0.982861 -0.244299 -1.06045
830 1.54123 0.643319 4.03347 -0.927735 -4.4267
26 0.112116 -0.295192 0.249618 -0.321052 -0.532491
640 2.31493 3.88617 1.02724 -3.39004 -1.92045
58 0.29019 0.072915 -0.0307303 -0.113424 -0.685308
344 -0.16333 0.424976 1.29803 -0.842881 -1.07167
471 -0.18282 0.565059 1.57514 -1.01998 -1.26466
8 -0.113143 -0.0837466 -0.194677 -0.147743 -0.916543
947 1.75527 -0.420462 0.83622 -0.443554 -2.16081
870 -1.36847 1.66182 -1.50069 -1.44689 -4.732
810 -0.500173 0.0587395 1.42522 -1.47729 -1.22312
376 0.193734 0.210925 0.055032 -0.379688 -0.393863
880 -2.19867 2.58296 2.47081 -2.57604 -4.23895
355 -0.0648309 0.78696 -0.159907 -0.185619 -0.829611
213 0.799056 -0.22412 -0.293177 -0.516568 -0.755141
154 0.509616 0.251792 0.192082 -0.0473363 -0.7307
155 0.725712 0.808161 -0.177837 -0.0817581 -1.07303
342 0.255804 0.31276 0.350422 -0.64835 -0.149369
32 0.344639 0.0978049 0.343394 -0.218481 -0.602169
274 0.481993 0.756673 0.720657 -0.171755 -1.11202
420 0.649281 0.14438 -1.13566 -0.520353 -1.47545
42 -0.352673 0.0288077 -0.153833 -0.524842 -0.64663
399 -0.243052 -0.131819 0.450525 -0.298821 -0.829163
914 -1.95198 0.417365 -1.79454 -2.94521 -4.06792
122 0.113142 -0.118143 -0.134331 -0.0587344 -0.990263
50 0.35024 -0.222818 0.507341 -0.233896 -0.648836
156 0.398876 0.479119 0.278517 -0.850158 -0.271282
427 0.43991 0.567808 0.389245 -0.891883 -0.284317
423 -0.578894 0.168948 0.101684 -0.642529 -0.914105
827 -0.642592 0.212283 0.140963 -0.615984 -1.02503
850 -0.762584 0.32204 0.204147 -0.73325 -1.18159
919 -1.77834 0.593681 0.306376 -1.7205 -2.67617
978 -3.57006 1.08832 0.794903 -3.61924 -5.47679
715 -0.232702 -0.295669 -0.269217 -0.557742 -1.00248
824 -0.478451 -0.610718 -0.174793 -0.724637 -1.48832
897 1.22595 0.643272 -0.333329 -2.40695 -0.656951
101 -0.051027 -0.0911457 0.53606 -0.429315 -0.517906
811 -1.99501 1.37193 2.25806 -4.61869 -2.83359
916 -1.2195 2.61413 0.0137902 -3.75157 -1.94067
444 0.527516 -0.31137 0.446568 -0.797117 -0.551858
571 0.0676469 0.00716379 0.233957 -0.47532 -0.44174
820 -0.746212 1.29946 -0.157616 -0.919749 -1.55353
991 -2.3105 3.89027 -0.0979704 -2.97157 -4.68377
56 0.126842 0.0849749 0.21248 -0.445155 -0.32037
183 -0.0870699 0.316392 0.143002 -0.658628 -0.29673
186 0.338568 -0.364194 1.5913 -0.964912 -1.37698
813 0.0114915 3.56165 0.459526 -0.22436 -4.93855
315 0.308668 0.0579639 -0.012657 -0.746916 -0.318224
670 -0.907457 -2.13434 2.07495 -1.9355 -5.11271
424 0.304995 -0.616169 -0.161811 -0.77288 -0.751704
938 -0.074823 -0.879858 -1.0767 -1.48618 -2.08494
944 -0.118057 -2.09851 -2.33836 -3.51042 -4.85232
778 1.01701 -0.264829 0.449163 -0.208083 -1.29847
911 -0.346816 3.80492 1.70416 -3.6543 -2.17561
465 0.524451 -0.641095 0.0919172 -1.27159 -0.704087
558 1.05649 0.680427 -0.858429 -1.40052 -0.971056
843 -0.932386 0.103571 -0.0683615 -2.67685 -1.40757
857 -2.32041 0.331112 0.179708 -6.36336 -3.47393
53 -0.0755913 -0.155547 0.338043 -0.706498 -0.491954
147 0.00877948 0.335181 0.562739 -0.910677 -0.269742
422 0.28336 0.0417362 1.11267 -1.07112 -0.640365
163 -0.00610689 0.499952 0.0696795 -0.301567 -0.470939
371 0.149403 0.476919 0.478493 -0.693698 -0.261338
770 -2.03039 1.74121 2.6052 -1.82239 -4.83777
95 0.366745 0.0711173 0.171703 0.0569467 -0.769618
754 -0.28495 -0.510756 0.572719 -0.516731 -1.62529
650 -0.324111 0.874881 0.24663 -0.747184 -0.648348
362 -0.648562 0.390046 0.284403 -0.387686 -1.05657
610 -0.847796 0.566055 0.162183 -0.873044 -1.13014
688 -1.50762 2.79533 0.137936 -2.99389 -2.55171
464 0.743654 -0.817373 0.252864 -1.92803 -0.975861
504 -0.172128 0.912803 -0.67695 -0.38455 -1.32939
600 -0.764159 -0.581349 0.120609 -1.70715 -1.31367
977 0.202717 1.71651 0.140521 -6.5064 -1.72433
825 -0.364455 0.33678 -0.902071 -0.424894 -1.85681
482 0.138056 0.978734 0.700777 -0.793399 -0.544465
641 1.22098 3.33457 3.24069 -3.15768 -2.40774
233 0.0153138 -0.253731 0.243482 -0.567166 -0.338839
161 -0.240605 0.73549 -1.00625 -1.88268 -1.07605
508 -0.375568 0.149775 -0.101361 -0.610228 -0.57473
121 0.561257 0.118858 0.186909 -0.0714799 -0.690471
828 0.903231 -0.0302751 0.550829 0.151771 -2.09091
88 -0.12505 0.104615 -0.189803 -0.435865 -0.551149
395 -0.440371 0.0104352 0.18465 -0.263385 -1.027
956 -1.77672 -0.938735 -0.386975 -1.74437 -5.88679
603 1.10124 0.450943 0.212048 0.0386756 -1.50086
562 0.388505 0.275059 0.63412 -0.876608 -0.307466
414 0.931032 0.0378201 0.240032 -0.431878 -0.623363
403 0.81509 -0.084294 -0.881999 -0.25248 -1.77042
664 1.2636 1.16807 0.0720933 -1.11603 -0.742265
720 1.38261 1.69719 -0.0841998 -1.55783 -0.944387
14 -0.320978 -0.376179 0.0456784 -0.31172 -1.14089
240 0.473197 -0.608743 0.215279 -1.2905 -0.670977
861 -1.16693 0.45482 0.132745 -1.13787 -1.69167
77 0.282488 0.513393 0.338971 -0.141356 -0.653956
493 0.69489 0.86026 -0.389682 -1.40264 -0.508904
912 2.33862 2.62856 -1.01984 -4.34724 -1.61213
884 -0.403168 -0.167116 -0.3936 -1.68198 -0.882437
887 -1.13318 -0.242451 -1.20086 -5.39124 -2.72399
792 -0.517868 0.0453046 1.46833 -5.37161 -1.86047
540 0.871369 1.75429 1.49517 -4.77406 -1.1168
337 0.32952 0.274751 0.114109 0.186312 -1.3147
625 0.697789 0.625087 0.139308 0.386061 -2.64988
697 -0.0519047 0.581903 0.225443 0.0219472 -1.06431
909 -1.53507 1.34768 2.08411 -0.880633 -4.50472
295 0.00916638 0.0991672 0.0166652 -0.655163 -0.251062
224 0.620032 0.497157 -0.836015 -1.20239 -0.76037
318 0.719486 0.563198 -0.881608 -1.2599 -0.794201
560 0.827736 0.868856 -0.0266675 -0.825438 -0.518014
4 0.360466 0.164115 -0.54907 -0.27673 -0.778842
350 0.339469 0.366358 -0.675931 -0.386887 -0.875479
291 0.013591 0.488749 0.273572 -0.581705 -0.299826
800 0.215769 0.216225 0.755602 -0.865625 -0.416868
573 0.0965164 0.132119 -1.0637 -0.87013 -1.1903
694 0.560217 0.741684 -3.69484 -2.91495 -4.30657
298 0.64442 -0.116761 -0.238488 -0.844055 -0.415524
561 0.715774 -0.0189545 -0.4652 -0.967051 -0.495908
910 2.32144 0.440893 -2.67441 -2.92028 -2.82569
856 -0.876519 1.673 -0.0784344 -1.13652 -1.98027
495 -0.345357 0.576283 0.141681 -0.64764 -0.489441
70 -0.059224 0.773123 -0.179235 -0.414893 -0.630059
3 -0.139953 -0.174296 0.0859549 -0.238402 -0.729411
396 -0.25094 -0.046665 0.380895 -0.203946 -0.762041
606 0.0541601 0.307485 -0.493017 -0.93893 -0.507344
173 0.418956 -0.0486409 -0.191444 -0.244456 -0.567284
952 1.24083 -2.36978 -0.900458 -3.32926 -3.27294
331 0.519475 0.0819188 0.0889454 -0.419156 -0.398926
446 0.43958 0.573936 0.421479 -1.04217 -0.277177
445 0.288652 0.397519 0.527768 -0.479875 -0.482496
932 2.06224 2.14073 3.61301 -1.38102 -3.45945
492 0.396244 0.992109 -0.531166 -0.0072292 -1.76432
787 0.450583 1.18168 -0.568617 0.0351299 -2.27309
436 0.734538 -0.150642 0.341362 -0.189566 -0.864799
596 -0.68623 0.583448 -0.0562121 -1.14792 -0.957814
941 -1.13617 0.985437 -0.128931 -2.1557 -1.58618
17 0.74524 0.188472 0.227739 -0.242762 -0.567338
591 1.58825 0.401864 0.292289 -0.268006 -1.49988
730 4.35881 0.989865 0.881282 -0.884953 -4.1896
406 -0.194518 0.989663 0.56057 -0.870274 -0.878394
238 0.218953 0.427307 -0.223944 -0.132459 -0.83233
638 0.548745 0.768975 -0.988162 -0.257456 -1.75193
502 0.697031 -0.178891 -0.717591 -0.508106 -1.04629
389 -0.526553 -0.0498029 0.819875 -0.74652 -1.17159
607 -0.77757 -0.0924213 1.28831 -1.21455 -1.75419
210 -0.0868927 -0.067223 0.439626 -0.588146 -0.474005
907 -1.58449 -1.68704 2.64288 -5.54601 -4.01936
822 0.0898268 0.662588 1.38823 -1.74166 -0.815715
257 -0.180889 -0.29365 -0.486623 -0.585268 -1.04265
993 -0.611724 -0.727081 -2.85598 -3.41677 -4.52195
237 -0.18733 0.403239 -0.117772 -1.33901 -0.462471
838 -0.218496 1.28675 -1.46064 -5.70898 -1.93744
74 0.138429 -0.201662 0.503349 -0.385967 -0.491462
205 -0.321128 0.125286 0.142631 -0.0253543 -1.17116
727 0.594667 1.1702 -0.319419 -0.615112 -0.946036
244 0.153081 0.445173 0.25227 0.0332632 -0.845443
383 1.00738 0.0110961 -0.272777 -0.178505 -1.3322
256 0.538798 -0.0914703 0.450905 -0.214504 -0.817453
164 0.0374156 -0.118485 -0.004091 -0.454914 -0.416802
588 0.431186 0.87635 -0.29415 -1.34374 -0.430157
959 0.653307 1.72453 -0.902694 -5.38435 -1.46943
483 0.337044 0.0659499 -0.54393 -0.543087 -0.627879
695 -0.27888 -0.2738 -0.00868184 -1.67641 -0.640379
723 -0.130431 -0.599128 -0.425001 -1.86874 -1.07867
21 0.552189 0.251121 0.257334 -0.238435 -0.538986
264 0.462978 0.19592 0.484829 -0.0127434 -0.747725
747 1.41658 -0.745113 2.08475 0.223443 -5.59874
378 0.508372 0.895751 0.0211681 -0.684484 -0.491418
858 2.03287 4.58304 1.41299 -2.24199 -3.09057
590 0.525527 0.507105 -0.0953899 -0.367613 -0.515982
615 1.31709 0.0822244 0.628654 -0.810016 -0.993448
207 0.511017 0.375469 -0.755443 -1.12839 -0.631373
702 0.599176 1.25465 -2.59602 -3.95498 -2.21357
913 -0.0125112 0.422893 0.0433899 -2.01775 -0.457343
67 -0.177514 0.356969 -0.188969 -0.598061 -0.5684
612 0.627873 0.594673 1.02065 -0.333708 -1.03318
338 -0.0460415 -0.0487326 0.0583981 -0.233778 -0.495144
585 1.02457 -0.245847 -1.24464 -0.916458 -1.69415
671 0.716408 1.63422 -0.445233 -0.830133 -1.21497
231 -0.0339085 0.417172 0.305138 -0.130545 -0.628921
994 0.051151 4.03987 0.544457 -0.58023 -5.08164
431 0.528712 0.247033 -0.307681 -0.681245 -0.364177
868 0.374096 -0.135615 -0.414511 0.0776575 -2.31452
102 0.250973 0.0587291 0.289764 -0.631533 -0.407477
332 0.255752 -0.165317 0.739176 -1.57399 -0.526512
6 0.423104 0.195993 -0.309418 -0.604072 -0.355212
128 0.606999 0.154173 0.39366 -0.49438 -0.455426
375 0.594471 -0.0294077 0.443243 -0.501122 -0.373565
656 0.683785 -0.0571023 0.54024 -0.586452 -0.668933
75 0.411993 -0.0842684 -0.410127 -0.723662 -0.476311
484 0.471551 0.172952 -0.0510216 -0.727701 -0.280742
494 -0.838776 1.93046 -0.324826 -0.0334259 -5.18511
488 0.135126 0.319883 0.242199 -0.273428 -0.454328
849 -0.236607 0.218724 -0.392458 -1.0046 -0.461351
392 -0.311874 0.915004 0.623322 -0.290902 -1.08366
550 0.264234 0.37453 0.561031 -0.249624 -0.646496
760 -0.780923 0.143167 -0.170873 -2.07915 -1.05337
489 -0.108128 -0.257641 0.634829 -1.09314 -0.634064
36 0.731994 -0.293703 -0.236628 -0.426639 -0.680278
655 0.258798 -0.615198 -0.0640842 -0.277935 -1.31252
168 0.51136 0.178039 0.468453 -0.738364 -0.211147
505 -0.0230212 0.473239 0.386611 -0.235014 -0.565934
674 0.473468 1.3756 -0.514743 -1.95935 -0.722889
677 1.14145 3.39986 -1.17761 -4.79425 -1.87563
131 -0.090944 0.492225 -0.0155002 -0.426093 -0.483615
380 -0.227779 0.601417 -0.267179 -1.02591 -0.484837
863 0.0431373 1.56571 -0.409646 -1.7396 -0.868621
990 0.0128021 4.33982 -1.12424 -4.6769 -2.6575
123 0.20093 0.128917 -0.0495928 -0.863854 -0.311696
305 0.224562 -0.0273729 0.0337682 -0.737013 -0.308649
16 -0.428545 -0.152698 0.463436 -0.459108 -0.70387
539 0.996042 0.202772 1.19002 -0.513493 -1.1725
939 1.24936 0.133627 -2.69609 -1.44284 -4.02057
117 0.526947 0.614192 0.00662989 -0.628279 -0.41006
847 1.13361 -0.309563 0.0456998 -1.62809 -0.663549
124 -0.213263 -0.233672 -0.238608 -0.420631 -0.999601
235 0.2532 0.443908 0.225219 -0.243954 -0.466029
475 0.381975 0.526786 0.599082 -0.226308 -0.598044
202 0.793516 0.230201 0.266014 -0.307211 -0.603413
219 -0.0605244 0.613625 -0.0942849 -0.641334 -0.403813
351 -0.0993164 -0.366211 0.418891 -0.61248 -0.664842
530 0.831253 0.921989 -1.28789 -0.971147 -1.46127
855 2.62359 2.40616 -3.7157 -2.76602 -4.45031
103 -0.119301 0.207684 -0.101911 -0.346861 -0.511488
517 -0.150048 0.0516258 0.00154364 -1.19901 -0.446214
740 1.25212 -0.657501 0.165104 -0.894613 -1.18391
59 -0.229428 0.201624 -0.32924 -0.76468 -0.453812
537 0.322239 0.142391 0.0172957 -0.303621 -0.394059
301 -0.38587 0.0315977 0.247588 -0.261361 -0.910023
254 0.0289552 0.000560514 -0.078615 -0.189921 -0.519455
299 -0.321905 0.487061 0.333318 -0.245808 -0.829497
324 -0.137862 0.465767 1.02923 -0.289446 -1.63696
924 -0.215253 -0.634252 4.15299 -1.61541 -5.45211
285 0.060173 -0.163957 0.0220097 -0.147138 -0.80885
25 -0.209493 0.207742 -0.428036 -0.321816 -0.828081
197 -0.301609 0.0918788 -0.331499 -0.623919 -0.654156
721 -0.313577 0.17419 -0.399877 -0.562162 -0.826933
491 0.864058 1.74346 0.606509 -0.761366 -1.26571
774 0.337305 -0.840427 0.150074 -0.239881 -1.99396
401 0.628458 0.821186 -1.12651 -0.917408 -1.22322
538 0.934282 1.02758 -1.4283 -1.13701 -1.59252
542 0.48601 0.394611 0.617925 -0.00291237 -1.20437
957 1.89902 0.697945 2.22815 0.0784125 -3.91715
713 -0.263595 -0.22603 0.145381 -0.857381 -0.46128
742 0.181382 -0.310091 -0.928925 -1.57842 -1.0666
384 -0.873882 0.270395 0.171117 -0.760608 -1.25019
200 0.348684 0.184758 0.670616 -0.420167 -0.449268
516 0.523138 0.428037 0.821948 -0.593075 -0.487033
255 -0.305755 -0.218826 -0.221947 -0.673163 -0.704234
567 -0.590616 -0.134518 -0.303052 -1.05401 -0.902591
437 -0.422408 0.806705 0.16759 -0.414201 -0.828096
647 -1.63946 1.13793 -1.93413 -3.58597 -3.21649
817 -0.0245768 -0.25895 1.48236 -0.552938 -1.85857
312 0.120527 0.304636 -0.690629 -0.866682 -0.709242
10 0.144563 0.341831 -0.0359107 -0.332826 -0.456488
891 0.282206 3.62092 -1.59448 -2.95511 -2.8105
221 0.063031 -0.362361 0.567776 -0.89635 -0.505343
433 0.420669 -0.209957 0.123941 -1.30498 -0.415576
523 0.618926 -0.23256 0.10488 -1.48066 -0.426474
52 0.243874 0.283049 -0.209833 -0.75325 -0.344001
241 0.307178 0.209128 0.124275 0.146278 -0.960668
284 0.231651 0.278418 0.676215 -0.14612 -0.798072
405 -0.114636 0.0646618 0.666196 -0.170377 -0.892232
467 0.972209 0.191595 1.78259 -1.19151 -1.23915
678 -0.121375 0.53877 -0.138241 -0.472838 -0.552969
898 0.432007 0.653556 -0.964696 -5.34542 -1.5984
372 -0.676346 0.363781 -0.349114 -0.640891 -1.1302
653 0.307115 -0.298814 1.1615 -0.669414 -1.12117
689 -0.165655 2.95866 1.10091 -3.15187 -1.57375
481 0.146566 -0.105247 0.145684 -0.701288 -0.316562
527 0.901778 0.409073 -0.226456 -1.77223 -0.495427
316 0.136168 0.458557 0.242841 0.131063 -1.46341
885 0.758305 2.10121 1.11012 0.495415 -5.90187
659 -0.400525 0.397862 0.21897 -0.11906 -1.13147
662 -0.583053 0.438914 -0.0859988 -0.237264 -1.28395
829 -1.67631 2.01643 -0.553122 -0.792883 -5.22338
563 -0.691879 0.0108569 -0.549947 -0.796724 -1.56431
816 3.13482 -2.02463 2.48967 -4.12305 -3.10932
206 0.47613 0.637701 0.0284287 -0.195461 -0.548526
65 -0.170731 0.260558 -0.169419 -0.700846 -0.467561
667 -0.301283 0.574615 -0.374729 -1.10186 -0.556557
15 -0.355235 0.356981 0.42787 -0.331853 -0.92598
266 -0.414759 0.414847 0.582571 -0.808295 -0.715427
602 1.27313 -0.599517 0.18889 -0.913406 -1.17599
780 0.763348 -0.603329 0.989626 -1.25634 -1.06061
92 0.155663 0.0763417 0.261755 -0.988801 -0.340778
582 -0.334783 -0.487927 0.177407 -0.352375 -1.66765
691 0.791734 0.12096 -0.265131 -0.505019 -0.657205
681 -0.237963 0.576829 -0.118083 -0.379061 -0.706745
83 0.570464 0.0723279 0.295774 -0.358863 -0.570835
503 0.780859 0.535495 0.149316 -0.492333 -0.529397
287 -0.201821 0.154955 0.0694084 -0.35146 -0.535048
805 -0.178598 0.0718743 -0.205501 -0.290068 -0.546745
188 0.043794 -0.37092 0.147759 -0.31528 -0.523927
87 0.153492 0.308918 -0.0405615 -0.718305 -0.245528
326 0.0678217 0.0244731 0.134359 -0.845001 -0.235633
583 0.581314 1.2227 -0.319188 -1.61334 -0.570623
346 -0.306601 0.651217 -0.365402 -1.09482 -0.533092
27 0.266541 0.446136 -0.489569 -0.345117 -0.716822
261 0.253689 0.749889 -0.649946 -0.469076 -0.933871
60 0.237478 0.654339 -0.118752 -0.293127 -0.607536
288 0.227822 0.17549 0.419986 -0.492269 -0.355653
777 1.17289 0.292645 0.211088 -1.35511 -0.46267
2 -0.0680107 0.208532 0.0473056 -0.324403 -0.362643
793 0.348514 0.0732234 0.0579878 -0.952527 -0.184015
290 0.801899 -0.155417 -0.196872 -0.171211 -0.88808
68 0.468 -0.0111961 -0.194715 -0.165739 -0.654201
118 0.561383 -0.0559259 -0.492198 -0.218345 -1.13498
108 -0.324674 -0.372643 -0.305986 -0.73876 -0.922953
23 0.428304 0.00670548 0.0835435 -0.531563 -0.272937
19 0.424151 0.641696 0.193494 -0.649819 -0.364302
377 0.611199 -0.181613 -0.498146 -0.349234 -0.962171
513 0.95475 0.868007 0.611884 -1.24912 -0.531484
46 0.316495 0.177721 0.0995773 0.159266 -1.08796
135 0.31055 0.0582764 0.277028 -0.0853821 -0.826881
227 0.114055 -0.35749 -0.0239543 -0.0669346 -1.11521
306 0.285567 0.488313 0.152819 -0.750547 -0.286881
104 -0.0594706 0.206174 0.012501 -0.473517 -0.362137
230 0.776571 -0.3429 -0.569921 -1.41491 -0.94383
345 0.121406 -0.610276 0.288519 -0.806815 -0.806389
393 0.300674 0.673607 -0.364518 -0.0089317 -1.16703
247 0.145226 0.250929 0.0714275 -0.824781 -0.210641
971 -1.60204 3.04142 0.269504 -2.12725 -3.39222
569 -0.647399 -0.510258 -0.089067 -1.19682 -1.41282
580 -0.6592 -0.629334 -0.109812 -1.30035 -1.51175
642 0.61815 -0.171955 -0.522148 -0.885025 -0.623949
673 0.760681 -0.201306 -0.787182 -1.31267 -0.823436
313 0.514978 -0.564281 0.960171 -0.519243 -1.42804
348 0.65418 -0.746025 1.25381 -0.546884 -1.89565
731 0.318675 -0.690615 0.194269 -0.987801 -0.683434
133 0.598947 0.186253 -0.0279011 -0.350542 -0.676951
698 0.479302 0.461233 -0.102986 -0.180323 -0.511191
501 -0.0346001 -0.288505 0.121382 -0.36512 -0.876912
549 0.807283 0.130934 -0.234412 -0.40612 -0.714679
98 0.308263 0.800957 -0.589014 -0.448383 -0.903533
711 1.03071 0.188805 -1.00891 -0.899308 -1.04681
144 0.764178 0.0612627 -0.21024 -0.132439 -0.963993
654 -0.0168424 -0.0417245 0.633348 -0.333681 -0.671197
368 0.459472 0.797538 0.5339 -0.622168 -0.488828
99 0.665474 -0.218668 -0.427607 -0.354438 -0.924714
47 -0.151318 0.00359392 0.0627709 -0.447249 -0.301159
452 -0.38141 0.0806793 -0.253034 -1.00398 -0.817571
637 -0.749435 0.156669 -0.433122 -1.15417 -1.15995
722 -0.812685 0.125327 -0.217379 -2.37361 -1.30164
322 0.361476 -0.0823191 -0.091268 -0.768731 -0.269703
166 0.451048 0.0982834 -0.181535 -0.221225 -0.628271
543 -0.444654 0.685877 0.303915 -0.507272 -0.855736
840 -0.761035 -0.386012 -0.256255 -0.657256 -2.245
457 -0.0565963 0.214058 -1.04472 -0.511387 -1.7306
534 -0.0163837 0.289414 -1.36142 -0.631294 -2.03316
595 0.378605 0.714885 -3.52255 -1.65845 -5.51837
795 -0.0273151 -0.558857 -0.67814 -0.902715 -1.31977
468 0.115382 -0.580985 0.193202 -0.508295 -0.874621
519 0.283456 -0.896117 0.155835 -0.636493 -1.25848
146 -7.97957e-05 0.0119214 0.725527 -0.558046 -0.629199
187 -0.0748545 0.347947 1.22352 -0.836607 -0.99838
63 0.0946475 0.0389287 -0.159573 -0.0380095 -1.13517
779 0.489648 -0.0659115 -0.488278 0.122008 -2.92442
218 -0.447581 0.00288753 0.737612 -0.558802 -0.857134
303 -0.213667 0.304022 0.0893792 -1.12641 -0.342823
623 1.45862 -0.451187 0.142339 -2.17817 -0.86328
62 -0.132247 -0.301937 -0.136785 -0.468645 -0.697387
853 0.302317 -1.1403 0.0510241 -0.535108 -2.32397
831 0.949271 1.09843 -0.22486 -0.0727271 -1.52444
139 0.906651 0.639666 -0.380188 -0.581662 -0.733517
333 1.20881 0.907781 -0.475112 -0.839676 -1.15747
196 0.311169 0.145915 0.0265524 0.0181541 -0.820837
823 0.245296 0.64788 0.395565 0.168311 -2.03366
776 -0.126864 0.970484 -0.72746 -0.381617 -1.47038
34 0.0282992 -0.547531 0.386393 -0.724573 -0.826729
750 -0.0114406 -0.920692 0.892571 -1.25042 -1.3737
150 0.0860475 -0.3231 0.0806944 -0.14367 -0.896812
328 -0.330396 0.364804 0.0671172 -0.144445 -0.867132
815 -0.783653 0.530506 0.565007 -0.250277 -2.28506
127 0.368009 0.482315 0.37378 -0.0649536 -0.687027
648 1.07667 1.26363 3.91806 -1.21541 -3.81742
579 0.0987351 -0.207049 0.457952 -0.738254 -0.448527
789 -0.374899 0.0669524 0.774552 -0.811071 -0.791201
419 0.564408 0.106786 -0.484619 -0.294672 -0.760883
945 -0.0288699 0.445282 -0.000682834 -1.89809 -0.462809
415 0.340896 -0.128649 -0.269595 -0.713107 -0.495084
22 0.0808551 0.205071 -0.3028 -0.717687 -0.633776
114 0.690771 -0.314428 0.0455369 -0.648142 -0.580783
226 -0.0404071 -0.399943 0.443864 -0.673213 -0.670248
459 0.562183 0.528642 0.180429 -0.223019 -0.793165
611 0.442932 -0.211076 0.27347 -2.0897 -0.540175
228 0.0810362 -0.127042 -0.0298343 -0.40517 -0.373192
276 0.360377 -0.11648 0.0390145 -0.0475292 -0.874626
627 0.424649 -0.21456 -0.0400872 0.0475183 -1.08955
85 0.641834 0.471307 -0.305812 -0.526084 -0.443309
296 0.00771222 0.838163 0.043869 -0.453982 -0.604724
522 -0.363731 0.591729 -0.199179 -0.0939368 -1.07307
666 -0.305487 0.853577 -0.11864 -0.104779 -1.15019
756 0.305738 1.62852 -0.017109 -0.617239 -1.23325
9 -0.37556 0.292058 -0.0353747 -0.147824 -0.93214
329 0.0945552 0.852196 0.614332 -0.772651 -0.470993
545 0.18569 1.08567 0.809109 -1.02781 -0.624446
149 -0.197068 0.102941 -0.371947 -0.311495 -0.618293
86 0.586239 0.258796 0.145051 -0.283003 -0.535455
148 0.354228 0.410459 -0.593278 -0.528273 -0.760957
271 -0.261372 0.0714309 -0.210077 -0.730944 -0.640349
661 0.237077 -0.00149864 -0.189823 0.0374536 -1.40275
486 0.313919 0.214171 -0.388875 -0.502421 -0.45554
535 0.273636 -0.68358 -0.21919 -0.73266 -0.912053
31 0.635103 0.353669 0.0136303 0.0268755 -0.78998
317 0.875628 0.312345 0.321231 0.140623 -1.08521
937 -0.255919 0.175334 -0.308394 -0.220412 -0.769623
35 0.0150321 0.199613 -0.331005 -0.821829 -0.492529
116 0.000882543 0.233608 -0.704705 -1.25965 -0.610574
636 -0.392464 0.878943 -0.871799 -1.38504 -1.31994
381 0.117338 0.0452143 -0.0889438 -0.821142 -0.320998
159 0.25056 0.103481 -0.219147 -0.592868 -0.266063
724 -0.177199 0.258291 -0.461316 -0.843153 -0.520465
801 0.00749063 0.308796 -1.13411 -0.978241 -1.08199
130 -0.162814 0.810007 0.487313 -0.269214 -0.92663
461 0.319003 0.891351 -0.368841 0.0451669 -1.62198
165 0.372732 0.106251 0.812225 -0.179509 -0.998941
769 -1.99156 0.0155673 -0.0861048 -1.00229 -5.71612
509 0.636475 1.08178 0.755488 -0.362036 -0.902198
30 -0.123383 0.262102 -0.41222 -0.0707118 -1.0874
635 0.798364 0.627284 0.464421 -0.454316 -0.604994
409 0.372852 0.600907 0.153517 -0.674164 -0.286941
297 -0.0884772 0.429827 0.231573 -0.716994 -0.426838
0 0.0871213 0.257147 -0.0680348 -0.0327627 -0.998818
685 0.00871725 0.507993 -0.0505929 0.0628671 -1.39938
834 -0.104148 1.85589 -0.21728 0.331934 -5.8804
185 -0.13358 0.747146 0.427819 -0.632745 -0.712746
658 -0.0751543 -0.064672 0.192743 -0.753758 -0.344981
439 0.736889 -0.318074 0.0869073 -0.854897 -0.60683
435 -0.194727 0.349377 0.840165 -0.609233 -0.722632
544 0.246252 -0.863625 -0.553558 -0.815822 -1.53462
400 0.249505 -0.410219 0.683154 -0.726221 -0.651302
252 -0.192396 0.290226 0.164817 -1.19467 -0.34611
633 0.181402 0.0959356 0.0236699 -0.88957 -0.422265
11 -0.135064 0.327606 0.200585 -0.730277 -0.377682
512 0.03921 -0.379008 0.474742 -0.520234 -0.595393
300 -0.418139 0.0707611 0.873856 -0.538855 -1.10315
796 1.81553 1.4227 -0.78698 -1.20215 -1.52006
286 0.486141 -0.00117779 0.559406 -1.07986 -0.296658
214 0.0333909 -0.432877 0.231682 -0.402566 -0.782502
234 -0.343806 0.313458 -0.297788 -0.945281 -0.523395
496 -0.446209 0.200865 0.418216 -0.263477 -1.01435
524 -0.673911 0.529048 0.905502 -0.506249 -1.62697
761 -0.283199 -0.139647 0.497066 -0.331403 -1.02683
418 0.835989 -0.434504 -0.584759 -1.62208 -0.972921
923 2.63633 -1.26931 0.429796 -0.789856 -3.60003
64 0.148956 0.163704 0.25568 -0.148623 -0.540459
175 -0.120151 -0.586818 -0.55558 -0.516971 -1.4931
593 0.132134 -0.626556 -0.566896 -0.577577 -1.30658
394 -0.155527 0.689694 -0.0986431 -0.322932 -0.737986
598 0.882902 0.179296 1.11436 -0.43977 -1.09475
198 0.149331 -0.456727 -0.467181 -0.226743 -1.40922
302 -0.520386 0.336266 -0.185079 -0.682356 -0.753208
657 0.310722 1.71954 0.493067 -1.17421 -0.936246
258 -0.0685087 -0.359627 0.282295 -0.483237 -0.89933
260 0.630788 0.432346 0.393478 -0.738887 -0.263494
325 0.43338 0.447791 -0.578249 -0.421859 -0.739691
352 0.562854 0.68463 -1.01709 -0.873875 -1.08399
621 0.920491 0.281964 0.221148 -0.0642741 -1.06909
652 0.625538 0.0392781 0.130076 0.193301 -1.31168
28 0.360584 0.569034 0.227591 -0.462134 -0.297142
216 0.380066 0.542188 0.507119 -0.0096463 -0.846044
311 -0.135303 0.0395061 0.0881151 -0.94817 -0.543663
818 -0.167669 -0.475993 0.65952 -1.82777 -0.878846
211 0.94572 0.00948434 -0.283187 -0.197626 -1.04223
232 -0.396271 -0.287023 -0.0942899 -0.662366 -0.840511
586 -0.306989 -0.014076 -0.243993 -0.947361 -0.546419
280 -0.0929859 0.729575 0.377052 -0.173692 -0.841965
398 -0.161661 0.814863 0.443612 -0.735151 -0.864565
309 0.327843 -0.22637 0.308423 -0.0121636 -0.891254
973 1.81966 -0.846931 -2.65396 -2.78659 -3.31042
808 0.0312909 0.742043 -0.149462 0.170837 -2.4001
357 0.756196 0.480822 0.200054 -0.704922 -0.426572
265 0.35173 0.731044 -0.193149 -0.46305 -0.666958
428 0.546811 1.12759 -0.328975 -0.549107 -0.863959
570 -0.00189393 1.3861 0.832211 -1.14257 -0.782669
391 0.688295 0.821706 0.277076 -0.518168 -0.61027
40 0.157015 0.0908916 -0.148787 -0.684403 -0.482431
432 0.606137 0.10292 1.065 -0.792529 -0.785916
204 -0.51639 0.456759 -0.105767 -0.447599 -0.895379
120 0.238322 -0.226065 0.820411 -0.546089 -0.759291
528 0.475721 0.40161 0.0600926 -0.340274 -0.367137
425 0.311614 -0.278483 0.119617 -0.636611 -0.443112
745 0.407131 0.864741 -0.0122578 0.0924607 -1.29109
498 0.2175 -0.46047 0.105939 -0.773305 -0.519528
426 -0.181437 0.812504 0.717496 -0.834767 -0.625822
878 -0.969372 1.08172 1.07505 -0.997808 -1.85896
195 0.492277 0.0818026 0.276962 -0.23928 -0.487227
13 0.295572 0.374319 -0.533079 -0.255824 -0.863489
169 -0.0715198 0.037742 0.306674 -0.510822 -0.329332
358 0.260115 0.574584 0.0279395 0.0117184 -0.83167
209 0.470944 -0.488819 0.734302 -0.371286 -1.09669
45 0.452035 -0.0568023 0.438568 -0.533801 -0.439233
644 0.415541 0.61063 -0.102706 -0.924368 -0.305429
96 0.58488 0.160662 -0.269577 -0.120235 -0.751921
20 0.115391 -0.329566 -0.252643 -0.179517 -0.959466
172 0.0601279 0.00884908 -0.0157152 -0.0394433 -0.780074
388 0.295681 -0.123822 0.271455 -1.49664 -0.407972
553 0.464694 -0.213853 0.26576 -2.19415 -0.578936
100 0.0782321 0.330353 0.0298325 -0.305461 -0.448029
24 0.563604 -0.0510926 -0.0132902 -0.252247 -0.619221
153 -0.313774 -0.286061 -0.285871 -0.780136 -0.728124
43 0.284905 -0.034926 0.308918 -0.417582 -0.452055
55 -0.100647 0.110637 -0.0816448 -0.936688 -0.342432
44 -0.382873 0.221739 -0.0616454 -0.281153 -0.814431
443 -0.431677 0.0279023 -0.0940819 -0.253776 -1.05888
279 0.782787 0.436563 -0.0373311 -0.482513 -0.507942
413 -0.28261 0.0118651 -0.492475 -0.80452 -0.727045
356 0.0440551 0.199251 -0.0197039 -0.6248 -0.335782
710 -0.00805103 0.674074 0.062995 -0.249204 -0.95472
37 -0.379264 -0.233759 0.0373396 -0.805008 -0.633655
215 0.918092 0.499406 0.0257829 -0.541159 -0.539406
771 -0.664896 0.782549 -0.0362139 -0.234222 -1.85155
71 0.236397 -0.0315408 0.455106 -0.326826 -0.506746
925 -0.0300872 1.26549 0.186552 -0.253005 -1.54576
84 0.283239 0.28674 -0.0730986 -0.713466 -0.235183
682 -0.192604 -0.222174 0.212377 -0.815469 -0.387545
950 0.228551 -0.698753 0.113819 -0.228768 -1.65894
110 -0.339806 0.459766 0.411716 -0.556267 -0.819676
369 -0.474533 0.568313 0.547462 -0.554379 -0.962407
49 0.498275 0.667024 -0.130113 -0.113804 -0.803623
223 0.0309324 0.153837 -0.318767 -0.65309 -0.437127
366 0.402091 0.368432 -0.0938236 -0.174004 -0.513783
737 -0.135839 1.23156 -0.782403 -0.575935 -1.653
334 -0.740531 0.209781 0.127477 -0.672428 -1.06405
568 0.16959 0.102993 -0.156716 -0.761885 -0.277032
184 0.663272 0.126541 0.0288306 -0.159047 -0.77967
479 0.620421 -0.10439 0.0245273 -0.373136 -0.471127
862 -0.0639426 0.0189801 0.76786 0.0135513 -1.75292
194 0.571697 -0.231629 -0.0524765 -0.930589 -0.350303
180 0.0243182 1.0444 -0.0407158 -0.640087 -0.742985
69 -0.236961 0.289063 0.55808 -0.271476 -0.808834
696 0.22928 -0.185771 0.871675 -1.50234 -0.552547
177 0.530272 0.312062 0.450493 -0.0266209 -0.893012
51 -0.497552 -0.311373 -0.0377645 -0.957253 -0.838275
115 0.384495 0.186555 0.0983377 -0.322569 -0.330198
160 0.591618 -0.332835 0.397582 -0.6411 -0.578074
347 0.410497 -0.087755 0.32879 -0.388928 -0.441468
848 -0.677552 0.0121897 -2.61846 -3.67157 -3.51572
718 -0.625322 0.109283 0.240459 -0.284166 -1.31118
158 0.41557 0.4528 0.350104 -0.186353 -0.624823
18 0.00935759 -0.353575 -0.204247 -0.281175 -0.843604
97 0.271337 -0.545585 -0.346849 -0.296325 -1.27019
111 -0.00778052 -0.253962 -0.0230992 -0.578672 -0.407181
706 -0.280618 0.165448 -1.83168 -0.842395 -4.0874
532 -0.451874 0.0392815 0.603252 -0.522764 -0.916026
82 0.0305225 0.162917 -0.128336 -0.236283 -0.423462
714 -0.0815824 -0.211945 -0.48039 -1.21693 -0.569036
976 -0.12621 -0.271607 -0.9063 -1.06158 -1.3707
54 0.0407435 -0.0717681 -0.531837 -0.605588 -0.518248
626 0.0582882 0.0661329 -0.155295 -0.00351866 -1.11047
744 0.370792 -0.0070534 -0.351257 0.107843 -2.14446
511 0.745968 0.358686 0.317338 -0.542002 -0.533848
763 -0.938652 0.842469 -0.136195 -1.64794 -1.33886
143 -0.370447 -0.0263664 0.678994 -0.651591 -0.894938
323 -0.153197 0.462026 -0.233796 -0.55424 -0.540302
90 -0.162103 -0.119498 0.415935 -0.709557 -0.477909
684 -0.491326 -0.500057 0.95023 -1.82555 -1.25399
89 -0.123737 0.211803 0.810495 -0.534708 -0.633469
476 -0.571929 -0.116458 0.173222 -0.351815 -1.43093
208 -0.307646 -0.0990328 0.0483738 -0.238128 -0.863228
518 0.582091 0.857935 0.491516 -1.34685 -0.3777
683 -0.0498136 0.412711 0.338892 -1.13606 -0.326523
242 -0.186476 0.455049 -0.232106 -0.149131 -0.798051
466 0.310636 0.260371 -0.0311897 -1.16138 -0.161204
33 -0.0953467 0.24556 -0.340485 -0.180847 -0.888314
283 0.676574 0.0490151 0.00549884 -0.682592 -0.36565
140 0.35494 0.202545 0.185009 0.0567458 -0.756292
217 0.533037 0.0843509 0.238239 0.0838998 -1.05958
616 -0.0585145 -0.249635 1.47492 -0.577801 -1.85777
592 -0.375667 0.595751 -0.622047 -0.9902 -0.851438
12 0.538469 0.367474 -0.518861 -0.826544 -0.548573
91 -0.00674176 -0.327221 -0.262146 -0.978284 -0.613854
442 -0.0214549 0.0147885 0.324121 -1.13281 -0.25777
199 0.634528 0.328254 -0.0589326 -0.137145 -0.627292
373 -0.169645 0.465591 0.323295 -0.783894 -0.419091
474 0.155655 -0.0817099 -0.178657 0.0559741 -1.41948
125 0.476519 0.0965296 0.58831 -0.262539 -0.65911
250 0.0997496 0.459301 0.253585 -0.025924 -0.775569
480 -0.351687 0.153175 0.259848 -1.11125 -0.620091
741 -0.568701 -0.584346 1.07929 -2.17694 -1.41792
246 -0.31361 0.301845 0.439846 -0.619583 -0.535634
189 0.0184755 -0.393406 0.314548 -0.621528 -0.463295
292 -0.100529 0.349893 0.980936 -0.594963 -0.768829
220 -0.35132 0.427457 0.245057 -0.171174 -0.813732
126 -0.0463088 -0.142145 0.142578 -0.371514 -0.543243
883 0.0220209 0.274533 0.0411778 -1.43182 -0.357063
263 0.381989 0.502712 -0.725355 -0.587085 -0.814028
57 0.429968 0.0437097 0.703817 -0.608954 -0.510104
80 -0.440053 0.274812 -0.146092 -0.437948 -0.580833
249 0.234947 -0.176969 -0.183998 -0.546467 -0.50044
869 0.3537 0.289231 -1.49396 -1.56827 -1.4203
78 -0.385843 0.503929 -0.0322479 -0.608345 -0.624726
515 0.141403 -0.0618948 -0.196527 -0.141005 -0.676708
470 0.159384 0.372394 -0.520562 -0.358265 -0.589037
679 -0.56555 0.0951783 0.708971 -0.542841 -1.08427
157 0.405639 0.212391 0.392995 -0.0731306 -0.587267
112 -0.0862154 -0.16888 -0.534926 -0.62146 -0.863022
487 0.33849 -0.385957 0.503253 -0.778274 -0.520342
736 -0.383726 -0.30558 0.715669 -1.31693 -0.871451
141 0.476364 -0.226593 0.111547 -0.766479 -0.506726
441 -0.0820186 -0.0657189 0.15432 -0.772419 -0.287949
1 0.481714 -0.110365 -0.181398 -0.42962 -0.45707
239 0.713967 0.590814 -0.323785 -0.500679 -0.582697
548 0.560722 0.839755 0.528711 -0.127617 -0.92553
361 -0.342455 0.0574615 -0.386128 -0.468047 -0.77316
490 0.165049 0.233965 0.913145 -0.192302 -0.954578
277 -0.319357 0.73637 0.0145299 -0.307126 -0.907336
145 0.457992 0.0922987 0.102133 -0.634896 -0.253333
349 -0.423774 0.666377 -0.03964 -0.255797 -1.03771
278 0.23607 -0.365503 0.167803 -0.921834 -0.416585
370 -0.121719 -0.29587 0.550951 -1.04791 -0.673695
259 -0.134665 0.190611 -0.136367 -0.142845 -0.677281
410 0.464661 0.448346 0.0794526 0.291932 -1.86821
48 0.257846 0.746466 0.216261 -0.66019 -0.37165
