4.512149999999999772e-01 -1.796830000000000094e-01 -6.528899999999999704e-01 1.288129999999999997e+00 1.116049999999999986e+00
6.164910000000000112e-01 -2.295220000000000038e-01 -8.106210000000000360e-01 1.491479999999999917e+00 1.365809999999999969e+00
7.668650000000000189e-01 -2.507909999999999862e-01 -1.007430000000000048e+00 1.521700000000000053e+00 1.520969999999999933e+00
7.838650000000000340e-01 -2.167469999999999952e-01 -1.028880000000000017e+00 1.696539999999999937e+00 1.691829999999999945e+00
8.351650000000000462e-01 -2.763410000000000033e-01 -1.180449999999999999e+00 1.804140000000000077e+00 1.772350000000000092e+00
9.066910000000000247e-01 -3.216169999999999862e-01 -1.228969999999999896e+00 1.863560000000000105e+00 1.855609999999999982e+00
8.930179999999999785e-01 -3.170319999999999805e-01 -1.317439999999999944e+00 1.969500000000000028e+00 1.898090000000000055e+00
9.539330000000000309e-01 -2.926869999999999750e-01 -1.343990000000000018e+00 1.976180000000000048e+00 1.986850000000000005e+00
1.133639999999999981e+00 -2.152330000000000076e-01 -1.250979999999999981e+00 1.943489999999999940e+00 2.057690000000000019e+00
1.240599999999999925e+00 -1.554709999999999981e-01 -1.038470000000000004e+00 1.923100000000000032e+00 2.073389999999999844e+00
1.473279999999999923e+00 -5.448789999999999883e-02 -7.710489999999999844e-01 1.875369999999999981e+00 2.121550000000000047e+00
1.660789999999999988e+00 7.670430000000000303e-02 -5.282170000000000476e-01 1.893389999999999906e+00 2.172930000000000028e+00
1.672390000000000043e+00 1.122370000000000034e-01 -5.499169999999999892e-01 1.930309999999999970e+00 2.204930000000000057e+00
1.744930000000000092e+00 2.251120000000000065e-01 -4.077669999999999906e-01 1.973430000000000017e+00 2.277769999999999850e+00
1.854459999999999997e+00 2.101349999999999885e-01 -3.001900000000000124e-01 1.923559999999999937e+00 2.284839999999999982e+00
1.879950000000000010e+00 4.152159999999999879e-02 -3.730550000000000255e-01 1.842959999999999932e+00 2.309769999999999879e+00
1.828079999999999927e+00 2.238889999999999977e-02 -3.984650000000000136e-01 1.827059999999999906e+00 2.323949999999999960e+00
1.828699999999999992e+00 -4.291310000000000263e-02 -4.114289999999999892e-01 1.759319999999999995e+00 2.337680000000000202e+00
1.943940000000000001e+00 -2.074670000000000125e-01 -3.455420000000000158e-01 1.631669999999999954e+00 2.316609999999999836e+00
1.871520000000000072e+00 -3.692429999999999879e-01 -4.635139999999999816e-01 1.508180000000000076e+00 2.300609999999999822e+00
1.909270000000000023e+00 -5.207739999999999592e-01 -6.192370000000000374e-01 1.457740000000000036e+00 2.218939999999999912e+00
1.861439999999999984e+00 -5.799729999999999608e-01 -4.763390000000000124e-01 1.280399999999999983e+00 2.216779999999999973e+00
1.869520000000000071e+00 -6.969239999999999879e-01 -5.402799999999999825e-01 1.237910000000000066e+00 2.262199999999999989e+00
1.904400000000000093e+00 -8.493910000000000071e-01 -6.833869999999999667e-01 1.181340000000000057e+00 2.100369999999999848e+00
1.674269999999999925e+00 -8.361520000000000064e-01 -7.029450000000000420e-01 1.108749999999999902e+00 2.150069999999999926e+00
1.720539999999999958e+00 -1.045819999999999972e+00 -9.861039999999999806e-01 1.166050000000000031e+00 2.021609999999999907e+00
1.629059999999999953e+00 -1.046689999999999898e+00 -9.953929999999999723e-01 1.132980000000000098e+00 2.032659999999999911e+00
1.562650000000000095e+00 -1.159850000000000048e+00 -1.048489999999999922e+00 1.074249999999999927e+00 2.063450000000000006e+00
1.492310000000000025e+00 -1.322240000000000082e+00 -1.250140000000000029e+00 1.094470000000000054e+00 1.974499999999999922e+00
1.360950000000000104e+00 -1.391089999999999938e+00 -1.431100000000000039e+00 1.005530000000000035e+00 2.062050000000000161e+00
1.333919999999999995e+00 -1.457359999999999989e+00 -1.424919999999999964e+00 1.086570000000000036e+00 1.997489999999999988e+00
1.065339999999999954e+00 -1.533400000000000096e+00 -1.615399999999999947e+00 9.778029999999999777e-01 1.976029999999999953e+00
8.916739999999999666e-01 -1.566179999999999906e+00 -1.647990000000000066e+00 9.433789999999999676e-01 2.028610000000000024e+00
7.014979999999999549e-01 -1.494550000000000045e+00 -1.695589999999999931e+00 1.137669999999999959e+00 1.988439999999999985e+00
6.132579999999999698e-01 -1.561239999999999961e+00 -1.789379999999999971e+00 1.181890000000000107e+00 2.045589999999999797e+00
3.778850000000000264e-01 -1.525090000000000057e+00 -1.742199999999999971e+00 1.232490000000000085e+00 2.035629999999999828e+00
3.188280000000000003e-01 -1.445929999999999938e+00 -1.867229999999999945e+00 1.121369999999999978e+00 1.981610000000000094e+00
8.430899999999999506e-02 -1.485319999999999974e+00 -1.878030000000000088e+00 1.267530000000000046e+00 2.014969999999999928e+00
-4.789890000000000120e-02 -1.415629999999999944e+00 -1.809569999999999901e+00 1.355539999999999967e+00 2.043719999999999981e+00
-1.310669999999999891e-01 -1.284380000000000077e+00 -1.680639999999999912e+00 1.309010000000000007e+00 2.081329999999999902e+00
-7.486660000000000537e-02 -1.251759999999999984e+00 -1.682050000000000045e+00 1.365310000000000024e+00 2.285320000000000018e+00
-3.423180000000000112e-01 -1.198469999999999924e+00 -1.609199999999999964e+00 1.334270000000000067e+00 2.122609999999999886e+00
-3.296259999999999746e-01 -1.051819999999999977e+00 -1.442220000000000057e+00 1.459019999999999984e+00 2.373369999999999980e+00
-4.885900000000000243e-01 -9.317739999999999911e-01 -1.283349999999999991e+00 1.503730000000000011e+00 2.593020000000000103e+00
-4.032109999999999861e-01 -7.521200000000000108e-01 -1.278000000000000025e+00 1.635729999999999906e+00 2.526110000000000078e+00
-4.409859999999999891e-01 -6.492860000000000298e-01 -9.697989999999999666e-01 1.545590000000000019e+00 2.769839999999999858e+00
-5.502399999999999514e-01 -4.713649999999999785e-01 -9.445160000000000222e-01 1.596810000000000063e+00 2.808260000000000201e+00
-4.589900000000000091e-01 -2.329650000000000054e-01 -8.776140000000000052e-01 1.517859999999999987e+00 2.766880000000000006e+00
-3.210819999999999785e-01 -9.467180000000000040e-02 -7.952110000000000012e-01 1.586370000000000058e+00 2.850369999999999848e+00
-4.198040000000000105e-01 4.511819999999999720e-02 -6.696360000000000090e-01 1.559790000000000010e+00 2.706910000000000149e+00
-3.593270000000000075e-01 4.397050000000000125e-01 -8.593859999999999832e-01 1.667079999999999895e+00 2.722319999999999851e+00
-1.738590000000000135e-01 5.133250000000000313e-01 -7.957370000000000276e-01 1.526620000000000088e+00 2.684989999999999988e+00
-1.270850000000000035e-01 5.948550000000000226e-01 -9.138140000000000152e-01 1.399669999999999970e+00 2.713020000000000209e+00
-3.772879999999999984e-02 7.967729999999999535e-01 -1.026690000000000103e+00 1.489900000000000002e+00 2.594860000000000166e+00
-3.979760000000000242e-02 8.250870000000000148e-01 -1.112370000000000081e+00 1.406430000000000069e+00 2.750700000000000145e+00
8.476340000000000263e-02 9.478239999999999998e-01 -1.348209999999999908e+00 1.350559999999999983e+00 2.737880000000000091e+00
7.840370000000000672e-02 9.637019999999999476e-01 -1.514790000000000081e+00 1.334179999999999922e+00 2.622090000000000032e+00
2.825079999999999814e-01 1.002809999999999979e+00 -1.550070000000000059e+00 1.186059999999999892e+00 2.721950000000000092e+00
3.267599999999999949e-01 9.866749999999999687e-01 -1.744580000000000020e+00 1.161669999999999980e+00 2.494650000000000034e+00
3.789219999999999811e-01 8.938209999999999766e-01 -1.913960000000000106e+00 1.057160000000000100e+00 2.566500000000000004e+00
4.951059999999999905e-01 8.890419999999999989e-01 -2.057409999999999961e+00 1.061439999999999939e+00 2.419979999999999798e+00
5.678670000000000107e-01 9.779790000000000427e-01 -2.126900000000000013e+00 9.997439999999999660e-01 2.375910000000000188e+00
6.721430000000000460e-01 8.848230000000000262e-01 -2.075390000000000068e+00 9.091719999999999802e-01 2.419000000000000039e+00
9.602380000000000360e-01 7.173969999999999514e-01 -2.184109999999999996e+00 8.835560000000000080e-01 2.433850000000000069e+00
9.827900000000000524e-01 8.230129999999999946e-01 -2.203219999999999956e+00 9.355689999999999840e-01 2.239730000000000221e+00
1.312769999999999992e+00 8.704359999999999875e-01 -2.199730000000000185e+00 8.180790000000000006e-01 2.245760000000000201e+00
1.458800000000000097e+00 8.679989999999999650e-01 -2.176250000000000018e+00 1.071790000000000020e+00 2.145329999999999959e+00
1.657839999999999980e+00 9.076509999999999856e-01 -2.002990000000000048e+00 1.178269999999999929e+00 2.089119999999999866e+00
1.589530000000000109e+00 8.999430000000000485e-01 -2.143710000000000004e+00 1.124900000000000011e+00 1.885280000000000067e+00
1.788790000000000102e+00 1.085790000000000033e+00 -1.921540000000000026e+00 1.353639999999999954e+00 1.889539999999999997e+00
1.905969999999999942e+00 9.170949999999999935e-01 -2.036169999999999813e+00 1.467060000000000031e+00 1.826629999999999976e+00
1.877680000000000016e+00 8.766180000000000083e-01 -1.972420000000000062e+00 1.594780000000000086e+00 1.799109999999999987e+00
1.963610000000000078e+00 6.071260000000000545e-01 -2.115390000000000104e+00 1.567010000000000014e+00 1.522469999999999990e+00
2.077970000000000095e+00 5.696269999999999945e-01 -2.025139999999999940e+00 1.735740000000000061e+00 1.416199999999999903e+00
1.999530000000000030e+00 4.052620000000000111e-01 -2.142669999999999852e+00 1.632379999999999942e+00 1.364710000000000090e+00
1.905359999999999943e+00 2.519390000000000240e-01 -2.197430000000000216e+00 1.690770000000000106e+00 1.176909999999999901e+00
1.931100000000000039e+00 -1.399489999999999935e-02 -2.261070000000000135e+00 1.804049999999999931e+00 1.134630000000000027e+00
1.941100000000000048e+00 8.776440000000000630e-02 -2.241550000000000153e+00 1.875879999999999992e+00 1.043679999999999941e+00
1.797520000000000007e+00 -1.397390000000000021e-01 -2.269810000000000105e+00 1.994620000000000060e+00 1.040519999999999889e+00
1.586219999999999963e+00 -2.552829999999999822e-01 -2.359669999999999934e+00 1.932900000000000063e+00 8.384589999999999543e-01
1.502629999999999910e+00 -3.278539999999999788e-01 -2.420949999999999935e+00 1.993190000000000017e+00 7.595560000000000089e-01
1.272070000000000034e+00 -3.694790000000000019e-01 -2.343030000000000168e+00 1.972569999999999935e+00 8.732889999999999819e-01
1.123140000000000027e+00 -4.975950000000000095e-01 -2.353969999999999896e+00 2.193080000000000140e+00 7.593929999999999847e-01
9.665679999999999827e-01 -4.958179999999999810e-01 -2.405850000000000044e+00 2.169509999999999827e+00 7.982339999999999991e-01
8.055820000000000203e-01 -5.026500000000000412e-01 -2.406379999999999963e+00 2.095479999999999787e+00 7.032899999999999707e-01
6.776860000000000106e-01 -4.496519999999999961e-01 -2.282859999999999889e+00 2.253550000000000164e+00 7.720080000000000275e-01
5.485619999999999941e-01 -3.456219999999999848e-01 -2.202139999999999986e+00 2.300990000000000091e+00 6.618929999999999536e-01
3.585869999999999891e-01 -2.127620000000000067e-01 -2.163009999999999877e+00 2.392209999999999948e+00 7.142349999999999532e-01
3.056499999999999773e-01 -6.183609999999999801e-02 -2.018639999999999990e+00 2.481539999999999857e+00 8.202519999999999811e-01
2.266269999999999951e-01 -2.654710000000000056e-02 -1.849229999999999929e+00 2.453479999999999883e+00 8.209229999999999583e-01
1.787559999999999982e-01 5.335270000000000290e-02 -1.815549999999999997e+00 2.449939999999999785e+00 8.086799999999999544e-01
2.134560000000000068e-01 2.253249999999999975e-01 -1.469219999999999970e+00 2.506419999999999870e+00 9.164029999999999676e-01
9.440360000000000418e-02 2.061429999999999929e-01 -1.280399999999999983e+00 2.618799999999999795e+00 1.089280000000000026e+00
1.766490000000000005e-01 2.814570000000000127e-01 -1.176690000000000014e+00 2.623990000000000045e+00 1.114039999999999919e+00
2.338250000000000051e-01 1.082919999999999994e-01 -9.059340000000000170e-01 2.560589999999999922e+00 1.216239999999999988e+00
2.943180000000000240e-01 5.565690000000000220e-02 -7.646749999999999936e-01 2.653119999999999923e+00 1.303269999999999929e+00
3.905480000000000063e-01 -6.174489999999999840e-02 -6.790859999999999674e-01 2.753340000000000121e+00 1.538300000000000001e+00
5.449289999999999967e-01 -1.262669999999999904e-01 -6.599810000000000398e-01 2.920189999999999841e+00 1.545590000000000019e+00
3.959360000000000102e-01 -3.489809999999999857e-01 -5.803129999999999677e-01 3.142430000000000057e+00 1.858360000000000012e+00
