1000 5
62 -0.600189 0.715281 0.298993 0.0846897 0.609237
332 -0.663555 0.793639 0.380833 0.0767384 0.638599
958 -2.63217 3.52264 1.05888 -0.415936 2.29988
700 -3.90398 1.20997 2.21493 -2.34348 -2.59865
342 -0.178456 0.254695 0.687981 0.0134179 0.26512
935 -2.36605 2.41183 4.05146 1.40063 2.02929
751 -2.20645 -0.27939 2.89402 -1.37258 0.869244
942 -4.30932 -0.461523 5.58847 -2.64181 1.75332
356 -0.582786 0.305392 0.240101 -0.423094 0.366328
530 -0.706179 0.351244 0.223131 -0.552326 0.523373
834 -2.32216 2.82611 1.51855 -3.69778 1.38675
969 -1.97923 5.12904 4.0869 1.56885 1.19421
940 -5.54771 3.01954 3.70997 2.11654 -2.58663
582 -1.71374 0.0332906 1.19504 -0.0689262 0.828446
948 -2.22065 -0.0173847 1.47247 -0.172542 1.09569
985 -5.40176 -0.114404 3.69155 -0.663542 2.5439
365 -0.427756 0.279829 0.528678 -0.0791672 -0.494715
740 -2.57073 1.29428 3.99248 -1.0252 -2.9027
946 -4.46661 4.53117 0.550769 -1.48392 -1.72866
707 -1.44309 -0.0625781 1.31876 -1.39949 -0.249827
982 -3.59611 -0.114456 3.39962 -3.29016 -0.657902
28 -0.322057 0.731185 0.455293 0.223483 -0.148642
992 -2.74763 5.70606 2.03556 0.00921079 -1.48414
410 -1.20301 0.192765 0.820041 0.362545 -0.20403
571 -1.661 0.26929 1.00306 0.514542 -0.18665
927 -5.88397 1.03221 3.67113 1.66983 -0.71955
26 -0.588146 0.111298 0.523167 -0.440079 -0.00849128
575 -0.984857 0.67476 0.307646 0.190559 0.425407
655 -5.28229 1.71181 1.36088 -0.508539 2.7436
531 -0.261347 0.407973 0.614101 -0.127455 0.0440073
918 -2.2301 0.936786 3.94772 -2.6568 2.49341
393 -1.48924 0.614603 0.412436 -1.33289 0.586162
866 -4.52247 1.94162 1.18486 -4.05167 1.47969
599 -0.830842 0.740101 1.20318 0.465582 -0.200261
726 -1.11792 0.984207 1.80321 0.817579 -0.297879
735 -1.39099 1.355 2.4313 1.06236 -0.435738
953 -3.25348 2.88886 5.32618 2.26529 -1.1357
254 -1.00431 0.166562 0.769347 -1.16416 0.388438
929 -3.70672 0.954277 3.17079 -4.6876 1.64679
802 -2.33638 2.18868 0.21414 -0.673705 1.09385
894 -2.24028 2.01889 0.169905 -0.645249 1.05025
938 -5.16719 5.16703 0.722189 -1.56293 2.71618
360 -0.414937 0.679547 0.473822 0.0313281 0.518888
836 -3.16904 4.11023 3.24964 0.269123 3.89992
114 -0.356964 0.423869 0.661256 -0.562636 0.00330423
382 -0.454377 0.33709 1.01783 -0.674191 0.341961
741 -0.529029 0.459881 1.6133 -1.0643 0.666726
762 -0.463357 0.581629 1.61193 -1.04632 0.740854
930 -2.74281 0.610201 4.43652 -4.00585 0.522306
77 -0.628615 0.453342 0.313931 -0.299681 -0.369255
554 -1.07822 0.903954 0.355585 -0.84527 -0.750942
780 -3.48114 2.70445 1.33529 -3.0153 -2.19855
326 -0.723 0.336354 0.624093 -0.179253 0.853435
398 -0.988589 0.412619 0.641048 -0.410613 1.03756
879 -4.56853 2.18702 2.21014 -1.2115 4.00361
714 -0.33314 0.574861 0.532311 -0.50385 -0.412049
896 -3.27105 2.71969 1.51708 -1.93419 -2.78374
381 -0.860275 0.678856 -0.0100153 -0.602088 -0.19891
960 -1.60915 1.17418 0.845388 -2.30114 -0.195333
978 -4.25632 3.14126 2.04165 -5.75017 -0.226015
787 -1.04898 0.629099 0.427593 0.460702 -0.00667929
889 -4.05435 1.16756 4.09143 2.16677 0.33804
180 -0.822828 0.814187 0.218722 -0.12452 0.223125
596 -0.891308 1.03066 0.15339 0.133794 0.214648
679 -1.61634 1.7773 0.12811 -0.0264982 0.516289
883 -3.97284 4.37975 0.859867 0.839994 0.956574
192 -0.903775 0.39422 0.0731261 -0.555927 0.218065
828 -3.18463 1.51209 0.228069 -1.89446 -0.331212
990 -6.08482 3.04046 0.680015 -3.72783 -0.742512
878 -1.24089 1.17254 0.469186 0.383412 0.665432
957 -1.73964 1.62175 0.590751 0.486376 0.910544
987 -4.70312 4.33902 1.72145 1.50863 2.23159
17 -0.931562 -0.0711914 0.511564 -0.108015 -0.228315
891 -5.90291 1.55447 1.98832 1.18799 -0.310149
954 -6.83185 2.90761 2.086 1.5475 2.08817
753 -1.36525 2.30494 0.586607 0.20818 0.279271
885 -3.44942 5.99464 1.69967 0.616807 0.697054
266 -0.827428 0.718582 0.322008 -0.669638 -0.650848
434 -1.19578 1.11781 0.414083 -0.984344 -0.956048
895 -1.43861 1.26153 0.499749 -1.18153 -1.13299
922 -3.69133 3.16711 1.3693 -3.10637 -2.48764
767 -3.16521 0.394756 0.88599 -1.04722 -0.652146
874 -6.733 1.06027 1.71598 -2.23865 -1.18658
44 -0.28982 0.51082 0.37801 -0.253725 0.289521
920 -3.55141 2.52527 0.695255 -2.4336 2.28712
781 -1.06242 1.85112 0.247373 -0.00991182 0.143511
829 -3.40001 6.0598 1.02921 -0.82384 0.932266
121 -0.634011 0.29786 0.279076 -0.433067 0.0199268
319 -0.526665 0.448196 0.310582 -0.291378 0.425484
462 -1.37303 0.325709 0.489818 -1.15956 -0.269216
728 -1.42453 0.259491 0.508141 -1.22083 -0.229499
870 -5.0223 1.09974 2.12065 -4.30989 -0.96528
105 -0.879187 0.460332 0.520051 0.261735 -0.337526
346 -0.527787 0.624957 0.278989 -0.134404 0.286722
537 -0.35878 0.896747 0.324084 -0.5641 0.0855635
752 -0.700486 1.94684 0.576204 -0.856265 0.501928
986 -2.35869 6.26783 2.04806 -3.10593 1.44816
774 -0.737012 0.426871 0.672382 0.390022 -0.0774063
888 -4.74291 2.29016 3.25197 2.50678 0.35007
830 -0.235528 1.58594 1.66263 -0.231616 -0.536291
991 -1.04562 4.77497 5.05428 -0.594552 -1.61625
913 -0.370358 1.23002 1.43036 -1.33825 0.322972
963 -0.452186 1.74762 1.93625 -1.70116 0.394683
984 -1.2121 4.57154 4.77139 -4.37286 0.638527
881 -0.568155 2.20644 2.45885 -2.21659 0.592666
373 -0.579257 0.153136 0.566804 -0.552957 -0.409006
789 -0.899938 0.0322914 0.714438 -0.823903 -0.117599
854 -0.769412 0.0563722 0.729048 -0.91327 -0.218443
994 -4.38121 -0.0497322 2.34151 -2.85058 0.341404
404 -0.281469 0.433032 1.24661 -0.0452616 0.0682013
806 -0.875614 1.33123 0.859289 0.293466 -0.809151
823 -1.35865 2.14711 1.39404 0.398853 -1.22927
851 -2.87132 5.01379 3.38623 0.784764 -2.74161
844 -2.2293 0.733066 0.38299 -0.903984 0.980989
933 -5.90119 2.18477 1.12703 -2.39361 2.785
839 -1.50525 0.0334698 0.531741 -0.671677 0.225003
972 -2.1848 -0.000466416 0.841831 -1.1658 0.343984
997 -5.22984 0.0851646 2.16329 -2.70146 1.11389
456 -1.38056 0.389088 0.986815 0.520947 -0.289658
659 -1.92773 0.256585 1.17157 0.54898 -0.222334
19 -0.786307 0.203609 0.472625 0.169746 -0.0364189
267 -0.88714 -0.109079 1.2042 -0.51283 0.417269
550 -1.06318 -0.0298288 1.25972 -0.501647 0.697346
672 -1.08098 0.272334 0.624059 -1.13438 0.480599
818 -1.7965 0.486598 0.579286 -1.30936 0.869204
824 -5.03695 1.57488 1.81572 -3.76514 2.45112
23 -0.616033 0.354724 0.151396 -0.216571 -0.111252
710 -1.53531 1.12593 0.142718 0.0620101 -0.172744
778 -5.24783 3.25867 0.603711 0.454853 -0.143903
601 -0.878087 0.170824 0.122043 -0.226862 -0.170721
915 -2.36221 0.682471 0.414877 -0.061638 -0.528397
968 -6.31957 2.21988 1.06662 -0.152027 -1.18709
32 -0.545994 0.642741 0.205681 -0.698254 0.213378
568 -1.32931 1.40526 0.495257 -1.33258 1.09228
936 -3.91644 3.79148 1.31062 -3.47562 2.79117
175 -0.771649 0.749619 0.0974606 -0.126758 -0.046557
439 -0.696009 1.0154 0.397891 0.104976 -0.478979
566 -5.18097 0.320094 2.84018 -0.038129 -1.5206
583 -0.117575 0.868284 0.870144 -0.103428 -0.251676
884 -0.251625 1.49008 1.58719 -0.201034 -0.476009
552 -0.770716 0.281458 0.906214 -0.403352 0.834003
800 -1.10157 0.377807 0.672366 -0.186411 1.0596
951 -4.52729 0.383839 3.34942 -2.8239 3.08507
500 -0.502389 0.248433 0.538029 -0.380462 -0.560279
716 -2.0032 0.262838 0.4063 -0.417234 0.438632
750 -7.31398 1.29026 1.50876 -1.4264 1.34994
14 -0.426528 0.386717 0.810284 0.124428 -0.193981
518 -0.475104 0.568242 0.618215 -0.296579 0.64445
573 -0.721816 0.23017 0.8543 -0.197002 0.715187
588 -0.824278 0.108657 1.09061 -0.0404637 0.602668
797 -4.82675 -0.303522 5.11863 -0.17414 -0.0807043
604 -0.772528 0.884143 0.347929 0.357188 -0.163787
624 -1.07704 2.22943 0.793292 -0.00519507 -0.670563
673 -1.34806 0.876284 0.12691 -0.1195 0.606087
757 -2.07469 1.30165 0.22455 -0.158086 0.969935
768 -5.73001 3.37471 0.977277 -0.230161 2.81887
138 -0.766063 0.00918333 0.469997 -0.346478 -0.313387
745 -2.46878 0.0281636 1.03137 -1.0464 -0.497345
793 -5.53786 0.0385242 2.76471 -2.08088 -1.45809
567 -0.815728 -0.00574749 1.1882 0.144271 0.263145
682 -1.49585 -0.074719 1.87023 0.170393 0.383567
722 -1.54396 -0.0951744 2.02403 0.172183 0.431998
725 -1.60858 -0.119074 2.01957 0.144067 0.422871
900 -4.78217 -0.238922 5.77765 0.293471 1.27509
179 -1.14166 -0.00144585 0.74541 -0.223478 0.7141
392 -2.57205 0.836543 2.45459 -2.62324 2.16078
645 -3.59387 3.25049 1.91547 0.72339 2.86619
303 -0.435223 0.317127 0.710118 -0.206949 -0.350221
479 -1.58775 0.566323 0.946178 -0.261916 -1.14458
675 -4.02491 1.41961 2.90175 -0.723544 -3.03029
314 -0.548291 0.793094 0.748276 0.511177 -0.116782
845 -0.967821 1.43511 1.21172 0.738995 -0.526392
916 -3.03215 4.17063 3.656 2.14833 -1.2416
687 -1.48206 1.6331 0.113838 -0.851345 0.315474
775 -4.50431 4.83179 0.44625 -2.95834 1.02577
638 -1.25985 0.77788 0.169388 -0.145796 0.59771
973 -0.927304 2.79292 5.54524 -1.92859 1.52104
623 -1.60677 0.616145 0.286117 -0.782707 0.683602
719 -2.0685 0.0310444 0.859085 0.0704046 0.214948
911 -6.27849 0.0577541 2.80129 -0.0764137 0.479864
979 -2.12113 0.954903 5.93547 -3.07388 -0.520169
133 -0.529777 0.131271 0.708876 0.0113754 0.0955978
217 -0.199098 0.592605 0.318541 -0.545278 0.100169
657 -2.33791 4.28714 2.06 -4.15892 -0.667491
149 -0.392552 0.743477 0.237497 0.0106329 -0.0121084
242 -0.58874 0.864469 0.186148 0.106018 0.360087
681 -0.540355 0.376098 0.546385 0.277646 0.205171
747 -1.57179 0.51955 1.47984 0.511782 1.08224
975 -4.42026 1.25339 4.16907 1.39078 2.61076
684 -0.546472 0.420067 0.956875 -1.22729 -0.274989
765 -0.479448 0.487871 0.980459 -1.12337 -0.229192
980 -2.19101 2.23997 3.53842 -4.75153 -0.613335
329 -0.508829 0.270295 0.822322 0.0620451 -0.248786
695 -1.29153 1.23594 1.02422 0.226164 -1.14391
813 -3.72905 3.59232 2.89518 0.542122 -3.29621
590 -0.875486 0.447206 0.42675 -1.06426 -0.26528
772 -2.15176 0.4024 0.778788 -1.70951 -0.356072
618 -1.04315 -0.0596209 1.22932 -0.47509 0.713259
729 -1.46833 -0.156951 1.9125 -0.897226 0.657718
407 -1.14912 1.05839 0.200151 -0.344657 0.425058
408 -1.44003 1.44812 0.187097 -0.201613 0.560665
135 -0.731094 0.418687 0.542019 0.309828 -0.36255
759 -3.70235 3.60367 1.18343 1.08137 -1.34484
578 -4.466 2.38009 2.82225 0.852476 3.51148
967 -0.510404 1.61093 1.65571 0.462806 -0.12562
989 -1.57446 4.41059 4.37815 1.08957 -0.614763
595 -1.3471 0.682419 0.081409 -0.776905 -0.22658
825 -2.99664 1.53202 0.20762 -1.75845 -0.330627
61 -0.676968 0.495866 0.0671861 -0.454578 -0.133869
622 -1.65678 1.30796 0.099545 0.182281 -0.164396
853 -4.78712 3.39942 0.3966 0.511966 -0.163251
971 -0.569458 2.40582 1.52896 -1.21691 -0.683191
983 -1.50095 6.12107 3.62607 -2.94096 -1.26506
127 -0.752299 0.194193 0.494395 0.32236 -0.187222
285 -1.094 0.425405 0.900691 0.722757 -0.238706
641 -3.2667 3.18198 4.14149 2.49807 0.819575
858 -1.26651 2.41087 4.19528 -3.31589 -1.58675
483 -0.568163 0.243187 1.30789 -1.02886 0.289523
245 -1.02383 0.367239 0.654211 -0.293286 -0.0934379
541 -2.2615 0.435337 0.72694 -0.781626 -0.376726
560 -2.85325 0.4395 0.78305 -0.951567 -0.54003
871 -1.67413 0.752628 0.909863 -0.460067 1.5885
375 -0.910423 0.759952 0.970737 -0.929236 1.27203
383 -1.19051 1.02786 1.28029 -1.23313 1.60773
489 -3.13615 2.46387 3.05976 -3.00893 3.8696
232 -0.380039 0.401109 0.889618 0.0338128 0.210966
756 -0.496914 1.40639 1.75715 0.245598 0.374017
760 -1.43671 4.17738 4.99477 0.625046 1.4191
847 -2.86425 1.4686 1.92835 1.1526 -1.40211
565 -2.03398 0.344273 1.11053 0.443498 0.774413
630 -5.44776 0.926444 3.08953 1.21734 1.96272
343 -0.991712 0.415484 0.0430016 -0.397795 0.146779
612 -5.41428 2.6563 0.250474 -1.96764 0.973296
299 -0.990958 0.217982 0.200334 -0.606252 -0.2271
76 -0.461493 0.724735 0.273028 0.0376787 0.0312176
339 -0.311427 0.765909 0.300873 -0.454967 0.0945111
803 -1.74064 3.87542 2.06356 -3.65391 -0.553463
293 -0.670948 0.325176 0.542356 0.165197 -0.191685
792 -0.579587 0.602857 1.19164 0.305576 -0.459983
0 -0.706422 -0.113879 0.807145 -0.331283 0.338895
476 -0.49923 0.744844 0.442326 0.339978 0.101324
993 -4.91297 2.7215 1.22972 1.36178 -0.745643
666 -0.188324 0.324245 0.735775 -0.263421 -0.198163
713 -0.504375 1.77147 2.04281 -1.78323 0.520004
523 -0.154799 0.76521 0.595966 0.0344496 0.0259395
528 -1.18124 0.929365 1.24705 0.770778 0.72079
860 -3.57266 3.15289 3.5094 2.07024 2.19384
821 -0.505483 1.92907 1.38655 -1.12773 -0.562856
579 -1.51603 0.30625 0.349963 -0.274891 -0.408362
639 -1.91524 0.475122 0.410717 -0.31342 -0.481094
674 -6.15076 1.56897 1.1576 -1.11642 -1.28919
311 -1.09227 0.392819 0.261711 0.0322634 -0.0274923
390 -1.70203 0.450681 0.37321 0.100133 -0.104623
402 -1.44827 0.571604 0.258361 0.0906848 -0.134224
696 -6.40139 1.80777 1.4669 0.568895 -0.0167125
886 -1.51596 6.09088 3.57514 -0.169146 -0.4445
605 -1.03424 0.252611 0.273307 -0.0830862 0.378932
811 -5.7926 2.62006 0.300344 -0.831635 0.816158
57 -0.464112 0.360755 0.7976 0.173683 0.448812
849 -2.53389 2.13607 4.70376 0.867789 2.75774
591 -0.692391 0.77292 1.40117 0.131675 -0.923515
908 -2.3534 2.65122 4.72995 0.461915 -2.66197
84 -0.923252 0.439564 0.145643 -0.486202 -0.139245
516 -2.3792 1.19595 0.185681 -1.40073 -0.286128
158 -0.403598 0.782833 0.378073 -0.131005 -0.395543
855 -0.403432 0.957782 0.965807 -0.262559 -0.756516
904 -1.1191 1.91033 0.706104 -0.255631 -0.979312
947 -3.20604 5.34245 1.8452 -0.810783 -2.48959
274 -0.836761 0.0332309 0.57934 -0.128205 0.537883
678 -2.85472 1.01462 4.33523 -0.514856 3.11023
902 -1.87296 0.85014 3.35031 -2.56816 -1.55117
457 -0.398724 0.362462 0.494071 0.217444 -0.129139
721 -1.95399 4.27928 1.34327 -2.81513 -0.93543
391 -1.21831 0.903823 0.483656 -0.0255665 -0.617821
932 -2.19962 1.63235 0.711149 0.115289 -1.30574
945 -5.05588 3.95025 1.666 0.274626 -2.80555
344 -0.72664 0.167457 0.844057 0.115493 -0.496665
964 -4.19981 1.09044 4.90839 0.875367 -2.43351
436 -0.546595 0.329311 0.571626 0.0192977 0.334952
581 -0.475088 0.0724456 0.868679 -0.167925 -0.149816
786 -0.967102 0.0770131 1.74457 -0.700472 -0.684139
996 -2.81174 0.350568 5.01174 -2.00437 -1.94821
359 -0.829101 0.894982 0.052423 -0.513014 0.166993
350 -1.02696 0.504253 0.658541 0.318512 -0.499902
777 -1.75547 0.869982 1.15932 0.728811 -0.776471
835 -1.6971 0.765358 1.17159 0.630382 -0.828791
840 -1.03726 0.298068 1.20235 0.190378 -0.668184
300 -0.87011 0.141592 0.330964 -0.0410125 0.395725
647 -1.86122 0.757462 0.0673418 -0.219778 0.396338
5 -0.607185 0.166064 0.551869 -0.0545729 -0.264655
832 -1.64339 2.80295 4.93107 -1.7445 -2.43641
220 -0.774165 0.475266 0.0715298 -0.368588 0.374947
520 -1.06617 0.74367 0.151634 -0.0928157 0.527237
546 -0.75732 0.100722 1.2822 -0.0817086 -0.395734
882 -0.842054 0.131869 1.62609 -0.0805385 -0.491741
919 -1.33113 0.107598 2.48997 -0.104491 -0.713609
931 -3.11008 0.419493 6.10532 -0.336103 -1.39478
907 -1.56033 5.58501 3.00696 -0.842673 1.94471
810 -1.06806 0.0842671 1.27309 -0.0852858 0.84763
977 -3.45509 0.679116 4.00439 -0.0548218 2.6299
875 -0.718879 4.79843 4.88663 -1.29532 1.12138
606 -0.805711 0.618156 0.203793 0.407334 -0.0620979
327 -0.467249 0.328913 0.299999 -0.353773 -0.250548
974 -4.76243 -0.095418 2.79907 -0.99607 1.57406
96 -0.377674 0.358647 0.804883 -0.0838021 -0.46898
738 -3.37714 0.755754 4.52441 -0.171304 -2.42777
20 -1.10984 0.455084 0.250317 0.256581 0.37451
193 -1.41486 0.646918 0.406224 0.405065 0.397683
809 -1.91746 0.896247 0.614223 0.491223 0.625871
705 -1.69707 1.43027 3.65323 -3.46962 1.66431
176 -0.371544 0.252325 0.860144 -0.0861596 -0.194623
873 -1.78636 0.407667 2.07147 0.285944 -1.09443
461 -1.52958 0.0863716 0.420363 -0.427171 0.244326
868 -5.2647 -0.131118 2.38452 -1.8703 0.770316
126 -0.382812 0.0519273 0.746344 -0.0181149 0.000760218
897 -0.992627 2.77051 0.896889 -1.31224 0.756868
374 -0.525006 0.417293 0.623056 0.195919 0.23758
228 -0.427029 0.369266 0.682722 0.0301066 -0.419742
509 -0.678043 0.491825 0.721291 0.054073 -0.63051
776 -0.784724 0.949381 1.65785 0.0807708 -0.987187
189 -0.974455 0.559999 0.207186 -0.645289 0.575062
296 -0.920267 0.93887 0.307469 -0.867041 0.681269
939 -1.59232 1.97809 0.0804001 -1.15019 0.0922602
998 -4.06349 5.21013 0.452037 -3.3216 0.554744
463 -0.69829 0.328039 1.2949 -0.42511 0.903924
788 -2.70363 1.44683 5.17948 -1.9132 3.49392
187 -0.728951 0.133892 0.538592 -0.520461 -0.45932
649 -0.424639 0.474086 0.348309 -0.723598 -0.378232
955 -3.98818 0.351757 3.40428 -2.05082 -2.51469
451 -1.11921 0.25537 0.406045 -0.328662 -0.657182
934 -5.07035 2.0006 1.57206 -2.1522 -2.72669
60 -0.662727 0.213536 0.602816 0.328795 0.106894
95 -0.576976 0.207431 0.539769 0.158006 0.156892
363 -1.15671 0.342927 1.39264 0.582843 -0.0930457
429 -3.94568 0.913658 4.49837 1.70459 -0.327584
505 -0.323691 0.407949 0.433776 0.00917903 -0.0608059
898 -2.20831 -0.198155 1.72373 0.0436715 -0.428595
928 -5.13791 -0.205328 4.19793 0.115813 -1.1446
477 -0.858758 2.08768 1.56976 0.682336 0.481559
178 -0.695944 0.614616 0.37171 -0.846867 -0.257044
499 -1.28639 1.57641 0.348055 -1.19054 -0.618727
812 -1.69182 2.16706 0.47161 -1.59294 -0.739841
862 -3.95472 5.0491 1.22031 -3.6245 -1.57364
491 -1.76948 2.20527 2.56575 0.990912 -1.61715
239 -0.362214 0.425352 0.541343 0.0423972 0.117866
160 -0.922373 0.00606349 0.555485 -0.128602 0.45481
607 -4.65404 0.598453 2.2888 -0.460833 2.47827
732 -2.31826 5.7813 1.58004 -1.59033 -0.591012
358 -0.774001 -0.0282373 1.0985 -0.25211 0.523937
822 -1.19145 0.115654 1.66512 -0.44086 1.11347
905 -3.10661 0.483391 4.61295 -0.755381 2.85126
795 -1.52883 0.501133 0.495388 -0.62275 -0.910638
952 -1.46767 2.0148 6.42035 -1.66139 -1.06864
3 -0.622573 0.452962 0.344386 -0.896359 -0.0377989
701 -1.47094 1.05411 0.841742 -2.02313 -0.0408253
790 -1.74999 1.30732 0.912882 -2.48137 -0.142677
917 -1.95398 1.51634 1.07552 -2.82011 -0.145564
857 -0.857339 1.50805 1.93344 -1.8771 1.2655
970 -1.88072 2.96816 4.16377 -3.74378 2.65764
426 -0.511739 0.524307 0.681999 0.1043 -0.542402
699 -0.629397 0.816823 1.35809 -0.210928 -1.08618
704 -2.79068 1.32603 3.16726 -2.13881 -2.86682
214 -1.09313 0.464326 0.134518 -0.279971 0.483744
345 -1.1459 0.542715 0.0692092 -0.445615 0.211531
263 -1.27679 0.650414 0.109345 -0.678666 0.633214
73 -0.498682 0.0870079 0.860576 0.0509857 -0.271921
131 -0.985838 0.350645 0.773214 0.387272 -0.0151184
153 -0.407753 0.217118 0.604698 -0.374297 0.0347828
698 -1.2215 0.253822 1.45454 -1.69719 -0.210364
706 -3.12112 0.865902 3.55719 -4.30978 -0.401578
40 -0.923725 0.363757 0.215225 0.00649896 -0.10469
442 -0.753903 0.807532 0.348578 -0.249412 -0.255079
318 -1.11726 0.213166 0.886226 -1.39283 0.488883
92 -0.453782 0.452369 0.94252 0.192842 -0.40967
167 -0.404261 0.396512 0.502121 -0.284854 -0.367274
106 -0.653832 0.204002 0.550007 -0.403099 0.352128
842 -0.825901 1.64483 2.30699 -0.439889 1.64673
966 -1.83344 3.68909 5.01194 -1.2278 3.60301
125 -0.142932 0.5856 0.605823 -0.296367 0.287467
210 -0.793463 0.887864 0.269314 -0.617096 -0.310973
587 -1.15626 1.36844 0.312345 -1.08778 -0.555548
724 -1.60099 0.042662 1.09944 0.380156 -0.131445
352 -0.360576 0.265978 0.647399 -0.17178 -0.297315
353 -0.432381 0.521505 0.563249 -0.144882 -0.475003
742 -2.04107 3.36929 4.36923 0.081459 -2.71927
414 -1.23959 -0.1894 0.676374 -0.111028 -0.0106151
13 -0.585371 0.318172 0.186595 -0.465015 0.191745
146 -0.599216 0.463186 0.165375 -0.48044 0.269403
501 -0.726831 0.767245 1.25674 -0.195075 -1.05413
909 -2.43213 2.74682 4.29795 -1.14949 -3.3938
147 -0.964847 0.122836 0.554275 0.208732 -0.14511
791 -4.91811 3.00409 3.02656 2.68356 0.0772877
466 -0.752878 0.0428486 0.829486 -0.208278 0.525422
580 -0.260503 0.378221 1.09529 -0.00266874 -0.188574
727 -0.357708 0.48916 1.49002 -0.0875656 -0.26751
831 -0.591752 0.876574 2.64813 -0.223191 -0.573735
903 -1.5668 2.00748 6.24306 -0.362086 -1.25809
892 -1.56377 1.57346 0.132647 -0.354148 -0.524262
640 -0.991871 0.0671555 0.456669 0.126774 -0.22858
469 -0.564654 0.358491 0.878645 -1.00334 -0.445271
841 -2.60197 2.6214 4.06749 -3.78093 -2.8038
514 -0.0573814 1.02508 1.64405 -0.69919 0.395985
827 -0.804669 2.70992 4.99631 -2.58983 -0.688674
81 -0.273836 0.216084 0.987506 -0.395747 -0.172467
495 -0.501957 0.257113 1.44476 -0.957349 0.0948238
611 -0.757134 0.315625 2.14522 -1.38026 0.07832
691 -2.18958 1.19915 5.7623 -3.49183 1.67715
863 -1.56663 0.252221 0.749427 -1.35119 -0.246171
925 -4.43994 0.858398 1.93256 -3.78225 -0.629608
547 -1.08388 0.288236 0.234042 -0.179762 -0.372577
876 -4.55477 -0.595846 3.46385 -0.778162 -0.0757464
315 -0.844503 0.786109 0.0671049 -0.157473 0.350064
109 -0.829777 0.0789015 0.350736 -0.361459 -0.30768
616 -0.659811 1.78901 1.39422 0.605572 0.400758
100 -0.545039 0.381592 0.0911366 -0.390017 0.230282
517 -0.558395 0.81873 0.331361 -0.0922929 -0.372718
141 -0.77437 -0.0900391 0.737786 -0.278984 0.104858
553 -1.47613 -0.00464545 1.15038 0.217224 -0.187001
796 -1.97255 -0.13823 1.10336 0.0585137 -0.284613
859 -4.70248 -0.578937 5.19985 -1.6529 -1.29856
662 -0.698437 1.09529 0.74817 0.191622 -0.689616
70 -0.599296 0.200207 0.373898 -0.544408 -0.167128
536 -0.794551 0.527482 0.556871 -1.21556 -0.280522
846 -1.68606 0.833365 1.10014 0.610814 -0.845426
465 -0.848921 0.443501 0.26173 -0.612322 0.574994
636 -0.816263 1.14885 0.0464889 0.0835101 0.405174
78 -0.555041 0.172575 0.964436 0.090356 -0.0189426
594 -0.5355 0.5764 0.881768 0.00732731 -0.773746
16 -0.621976 0.287261 0.277112 0.0721035 -0.344102
470 -0.663162 0.19018 0.773912 0.0764495 -0.331101
712 -0.544408 1.05659 0.662546 -0.185988 -0.672535
132 -0.085491 0.63722 0.985514 -0.373662 0.232632
144 -0.75383 0.663379 0.182713 -0.377128 0.361498
222 -3.54781 2.67941 1.03557 1.18221 -0.295178
468 -0.55222 0.53661 1.07563 0.240798 0.591361
72 -0.441276 0.450377 0.607801 -0.195648 -0.503832
170 -0.52339 0.773215 0.517055 -0.435989 -0.708844
850 -0.785336 1.29793 0.895664 -0.605728 -1.09525
906 -2.52618 4.36917 3.09892 -1.93995 -3.32914
586 -0.963005 0.785826 0.20295 -0.247704 0.506104
504 -0.630355 0.431514 0.661243 0.276487 0.327891
512 -0.534272 0.223814 0.727884 -0.0737291 0.243847
619 -0.481401 0.279543 0.721431 0.175203 0.410093
746 -0.842748 1.09433 0.111479 0.0457117 0.459379
603 -0.531796 1.83986 1.23511 -0.971628 -0.484833
999 -1.77196 3.39505 2.63471 -3.14845 2.57476
615 -0.791717 0.14632 0.393529 0.134985 -0.352509
593 -0.11295 1.54154 1.52594 -0.376267 -0.143516
625 -0.194777 1.46449 1.44584 -0.203261 -0.433557
27 -0.819802 0.296842 0.249409 -0.061247 -0.329119
944 -3.65361 2.24485 2.65874 -0.178992 -3.23935
480 -1.2817 0.479312 1.25281 -0.294959 1.42619
833 -0.301325 2.11821 2.16157 -0.481957 0.615987
689 -0.700285 1.53722 0.69033 0.445446 -0.0517837
248 -0.734402 0.580367 0.36121 0.0909469 0.538606
503 -0.770815 0.174537 0.490318 -0.346106 0.791326
734 -1.91318 3.38778 2.08506 1.21917 -0.186056
484 -0.681654 -0.0558069 0.889091 0.0261855 0.254234
602 -0.914161 0.395206 0.794774 -0.765983 -0.685355
785 -1.13225 0.567046 0.670397 -0.575779 -1.10224
837 -1.29909 0.69488 0.631587 -0.538418 -1.21182
981 -3.34026 1.22128 2.84761 -3.17218 -2.55458
799 -4.77313 0.761929 2.92382 -0.22229 -2.53459
482 -0.502476 2.27713 1.25994 -0.121675 -0.19496
941 -6.07533 2.11647 2.18835 -0.0665322 -2.84986
317 -1.05809 -0.0549338 0.968596 -0.126261 -0.0321325
782 -0.71895 1.98056 0.658565 -0.968723 0.503952
650 -2.02939 1.75626 0.0674552 0.0461585 -0.299632
723 -2.03436 1.8236 0.137382 -0.00603358 -0.24065
926 -5.19639 4.5619 0.486605 0.15388 -0.24489
145 -0.578112 0.330289 0.467571 0.278869 0.247784
89 -0.632627 0.755799 0.883125 0.524849 0.193053
416 -0.609951 0.897778 0.195125 -0.575322 -0.220372
464 -0.408655 0.928316 0.141371 -0.287994 0.190688
730 -0.662313 1.69781 0.451869 -0.36017 -0.17974
574 -0.798698 1.32554 0.385317 0.133629 0.0980552
692 -1.01029 0.964769 0.0666215 0.0422811 -0.127152
709 -1.04888 0.246081 1.49738 -0.0951007 -0.854435
198 -0.739299 0.072299 0.28043 -0.320953 -0.167505
784 -4.30264 -0.496327 3.1846 -2.33176 -0.0487693
478 -1.22063 0.448238 1.09184 0.426423 0.770072
372 -0.64739 0.260216 0.975775 0.376108 0.327515
337 -0.429976 0.199365 1.2352 -0.688707 0.0448897
820 -0.503884 0.29198 0.273967 -0.385775 -0.192907
880 -2.43907 3.86346 2.21659 -2.59237 -2.59091
68 -0.432474 0.136074 0.428889 -0.505511 0.0701539
260 -1.05046 0.293328 0.142135 -0.170634 -0.167481
440 -1.15914 0.265792 0.114747 -0.250272 -0.183962
219 -0.567369 0.840331 0.0822496 0.0450975 0.10001
30 -0.774221 0.202551 0.461867 -0.497526 -0.210267
308 -0.862018 0.187295 0.471548 -0.624946 -0.269168
838 -1.7351 2.5144 4.95466 1.09702 -0.648042
310 -0.465273 0.373023 0.432424 -0.215029 -0.37074
24 -0.467904 0.83025 0.0666084 -0.235384 0.156793
912 -1.19984 3.31612 1.58883 -1.40885 1.42558
348 -0.824166 -0.0888393 1.08276 -0.381825 0.398284
473 -1.14658 -0.067681 1.37069 -0.502978 0.804859
805 -1.77588 0.558195 0.574314 -1.28241 0.887836
585 -1.50382 0.670766 0.482733 0.448175 0.436603
617 -0.947972 0.590407 0.452255 -1.19676 0.261845
165 -0.304586 0.782054 0.862372 0.0116982 0.440614
677 -0.434208 1.22591 1.11833 -0.161545 0.924766
454 -0.695387 0.589922 0.987893 -0.897449 -0.778182
733 -1.14712 1.02026 1.75014 -1.55718 -1.28786
162 -0.330624 0.150209 0.885652 -0.722576 0.112565
208 -0.397572 0.202908 1.19176 -0.762795 0.28053
384 -0.296115 1.33408 0.692107 -0.101145 -0.0520744
688 -3.46878 0.980428 2.5566 -0.423171 2.85698
731 -0.80729 0.511052 2.81633 -0.529158 0.645953
798 -0.910209 0.656628 3.26829 -0.576917 0.715132
923 -2.22097 1.35401 7.05444 -1.13621 1.52457
334 -0.735644 0.314888 0.624714 -0.003169 -0.676125
302 -0.737181 0.87567 0.139038 -0.388107 0.179898
572 -1.08312 0.709342 0.785687 -0.633974 1.14971
763 -1.557 0.965087 1.11131 -0.809141 1.64132
976 -4.12069 2.64969 3.06323 -2.00829 4.36095
445 -0.295403 0.642551 0.866938 -0.337085 -0.474895
369 -0.422982 0.245874 1.074 -0.217852 0.274493
490 -0.60491 0.182862 0.309008 -0.488116 -0.0128437
412 -0.180973 1.02187 1.02882 -0.231998 0.314372
493 -0.497799 0.845721 0.308283 -0.295353 0.583107
769 -0.707779 1.24672 0.562196 -0.469297 0.886146
869 -0.949673 1.60589 0.639416 -0.561662 1.12126
961 -2.86592 4.58347 1.87279 -1.79129 3.289
196 -0.576544 0.31619 0.372045 -0.806069 -0.33942
538 -0.996406 -0.0448465 0.465391 -0.0168341 -0.00472195
558 -0.865251 0.00301581 0.654402 -0.108058 -0.265178
737 -0.788392 0.270607 0.762953 -0.482516 -0.728765
376 -0.615852 1.03045 0.148792 -0.189647 0.184314
867 -1.64021 2.02294 0.0362028 -1.1521 0.101528
631 -0.190051 1.34531 1.39899 -0.246429 0.37373
779 -4.91972 3.51395 1.96022 2.18097 -0.0613114
306 -1.0939 0.168067 0.238659 -0.219698 0.212442
801 -0.609116 3.10561 4.99655 -1.11657 0.224028
223 -0.495103 0.75443 0.108222 -0.501938 0.389379
559 -0.225091 0.493919 0.630106 0.0497091 0.234396
995 -3.68424 1.33977 1.71164 -2.55459 -1.99807
543 -0.474141 1.54281 1.05924 -0.888458 -0.502052
556 -0.555679 2.06338 1.31266 -1.12338 -0.55668
910 -0.64236 2.60089 1.66327 -1.38609 -0.665744
115 -0.520578 0.680087 0.465014 0.0213165 -0.567526
230 -0.771893 0.957506 0.466816 -1.21785 -0.281524
685 -0.813058 0.320179 1.21176 0.444676 0.0991948
956 -3.28909 1.25383 6.7426 1.18997 0.59059
471 -0.376139 1.6367 0.893961 -0.0705375 -0.105881
216 -1.31655 0.657143 0.400401 0.338976 0.339438
620 -1.57354 0.620853 0.447952 0.411288 0.55825
872 -2.75751 1.26167 0.83089 0.71548 0.791671
88 -0.563817 0.230041 0.291674 -0.240429 0.177597
258 -1.1256 0.702884 0.313798 0.245758 -0.246278
808 -1.15804 0.392301 2.31853 0.478629 0.194778
749 -0.942255 5.0613 3.37763 -1.92609 1.0107
564 -1.07155 0.780285 0.517977 -1.51788 -0.152194
50 -0.84431 -0.0721782 0.765713 0.0471071 -0.161105
102 -1.06837 0.0808353 0.435019 0.0366612 -0.318218
116 -0.803177 0.585822 -0.0056237 -0.452501 0.0780277
658 -1.09122 0.075518 0.565992 0.144058 -0.0700059
367 -0.696303 -0.0300741 0.643716 -0.0808757 0.477577
965 -1.84557 4.8635 2.11203 -0.144339 1.89819
893 -3.22353 2.78741 2.32454 -0.420449 -3.14518
542 -0.729337 0.956121 0.0459946 -0.00840128 0.303765
80 -0.594859 0.454914 0.261296 -0.636022 -0.27651
481 -0.170004 0.501065 0.668484 -0.0915604 0.280122
150 -0.467822 0.165462 0.628054 0.051068 -0.0159121
364 -0.840172 0.32507 0.521479 -0.143652 0.809508
686 -0.833675 2.72483 3.16227 -2.1587 -1.42079
690 -0.211428 1.39141 1.47684 -0.297507 0.384108
186 -0.293971 0.458909 1.38983 -0.0635928 -0.32151
182 -0.982896 0.434071 0.570897 0.35962 -0.442517
589 -1.28523 1.00867 1.66548 0.756725 -0.813981
671 -1.26025 1.19996 1.70926 0.85787 -0.791274
887 -3.4068 1.44635 4.57572 1.20823 -2.12194
243 -1.1527 0.646096 0.817562 -0.626911 1.16236
288 -1.53191 0.85977 1.16438 -0.801825 1.69224
265 -0.329394 1.03903 0.598484 0.0542587 -0.0354043
815 -0.951715 1.43062 0.717225 0.603493 -0.0738523
924 -3.70543 4.98546 2.58319 2.05699 -0.445072
510 -1.80554 1.65649 0.188173 -0.468075 0.827943
75 -0.335389 0.212232 0.982766 -0.471043 -0.139613
224 -0.464064 0.774571 1.4929 0.299028 -0.104357
511 -0.232062 0.616052 0.749421 -0.504166 0.141313
563 -0.133426 0.805366 1.04683 -0.584644 0.0193815
54 -0.514402 0.472625 0.305693 0.0632095 0.140883
86 -0.436954 0.37408 0.227535 0.066162 0.164662
664 -0.253889 0.146557 0.605711 -0.367502 -0.0188294
549 -0.34796 0.511804 1.14298 -0.51487 0.599814
720 -0.504881 0.982647 1.45565 -0.322106 0.963676
431 -0.43497 1.45616 0.830466 -0.228173 0.496514
770 -0.669812 2.27515 1.21309 -0.314764 0.846065
93 -0.442989 0.211375 0.824833 -0.250665 0.607276
718 -1.07042 0.48427 1.88657 -0.595793 1.36986
437 -0.519317 1.59808 0.531057 -0.0674232 0.41704
711 -1.74077 4.47861 2.85227 -0.259343 2.27679
298 -1.15644 0.205301 0.284466 -0.12015 -0.196881
430 -1.34191 0.255897 0.348167 -0.0327212 -0.118991
432 -3.6958 1.33975 3.2002 1.55242 1.63683
347 -0.754924 1.46007 0.401591 0.171665 0.136046
401 -0.899664 0.775419 0.0856652 -0.213983 0.432413
206 -0.506246 0.633207 0.87554 -0.333882 -0.799984
708 -0.443708 0.751283 1.0065 -0.917892 0.568069
890 -2.36741 3.48954 2.34731 -1.604 3.32048
287 -0.124443 0.705779 0.606238 -0.166741 -0.00272891
744 -1.74958 1.08256 1.1051 1.0364 -0.11928
544 -0.778096 0.179774 0.386344 -0.496936 -0.242514
397 -0.479121 0.777049 0.550188 -0.118811 -0.578075
174 -0.840944 0.739584 0.0836257 -0.216006 0.371236
9 -0.859337 -0.0174252 0.540142 -0.114459 0.380004
118 -1.18135 0.0567039 0.456844 -0.0584352 0.392818
387 -0.617636 1.12079 0.47923 0.0884493 -0.332614
226 -0.300069 0.620175 0.98967 -0.317567 0.657183
629 -0.558872 0.3179 1.72915 -1.17517 0.515133
529 -0.521551 1.09482 0.361095 -0.738053 0.276274
988 -2.65267 3.90371 2.26453 -4.61886 1.7511
282 -0.396249 0.557758 0.758525 0.121223 0.164693
533 -0.251315 0.624831 0.527409 0.044717 -0.25034
488 -0.429604 1.30251 0.92743 -0.70733 -0.356454
305 -0.69377 0.90858 0.0320989 -0.518412 0.0225808
272 -0.908186 0.126203 0.614162 -0.879125 -0.188088
610 -1.18041 -0.0959241 0.705996 -0.0958961 -0.247186
764 -1.96442 -0.282811 1.96664 -0.713644 -0.474607
506 -1.55068 0.888231 0.103707 -0.941885 -0.1899
328 -1.57143 0.197494 0.353019 -0.346182 0.326817
548 -0.918803 1.65957 0.831866 0.445624 0.480377
743 -2.70993 4.88628 2.63574 1.40723 1.5207
949 -3.58025 3.64303 2.00325 1.49623 1.86899
660 -0.206915 0.476894 0.888465 -0.208753 -0.312562
901 -2.39386 0.97737 0.781902 -0.128538 -1.31319
295 -0.969344 0.621119 0.363625 -0.18562 -0.733633
46 -0.494721 0.487013 0.771264 0.34251 0.251961
521 -0.852251 0.52548 0.747847 0.294101 -0.320394
632 -1.52062 0.800793 1.05479 0.603038 -0.698998
561 -1.28532 0.323329 0.450899 -0.363759 -0.69525
861 -1.18836 0.29292 1.2961 0.230273 -0.702937
403 -1.34422 0.309921 0.541597 0.0265433 0.757922
621 -1.99404 0.84582 0.62038 0.52011 0.57069
292 -0.612873 0.246336 0.528344 -0.455835 -0.51664
492 -1.0742 0.61867 0.0444132 -0.682219 -0.145227
557 -1.28658 0.633277 0.0957989 -0.791807 -0.147836
379 -0.998944 0.0856249 0.888527 -0.877614 -0.37319
535 -0.881994 0.660883 0.0182476 -0.410812 -0.0584374
814 -1.62329 0.764482 0.113455 -0.970123 -0.253466
201 -0.625017 0.421992 0.921745 -1.0368 -0.379536
634 -0.853018 0.696567 1.24778 -1.10701 -0.969368
250 -0.883501 0.0985107 0.362429 -0.253439 -0.329258
592 -1.67856 1.26674 0.488392 0.0303926 -1.0085
143 -0.168092 0.413604 0.646885 -0.244852 -0.468154
1 -0.575488 0.377988 0.23132 -0.131636 -0.164705
877 -4.30252 3.45643 0.108328 -1.1062 0.319113
323 -0.844735 0.525991 0.102843 -0.0549368 0.198754
45 -0.277977 0.49628 0.538949 -0.269389 0.01288
286 -0.391456 0.303093 1.14271 0.0725951 0.385426
320 -0.812755 0.437774 0.59162 0.0540309 -0.759212
669 -1.45651 0.580202 0.482706 -0.0601633 -0.770163
341 -0.517105 0.93982 0.468386 -0.931689 0.399095
758 -1.17292 1.7047 0.989848 -1.97409 0.876139
366 -0.592044 0.941127 0.595666 -0.478569 -0.685285
665 -0.942104 1.63188 1.06022 -0.764422 -1.24596
166 -0.680928 0.439673 0.088228 -0.317107 -0.138556
569 -1.15928 0.736075 -0.0706744 -0.295877 0.0495819
643 -1.47904 1.36327 0.13636 0.0349421 -0.166344
225 -0.63508 1.35699 0.726664 0.12728 0.354699
264 -0.5392 0.178704 0.745802 -0.810366 -0.268215
670 -0.454306 0.469366 1.01559 -1.16494 -0.258588
783 -0.842285 0.690384 1.27212 -1.71757 -0.314872
475 -1.22043 0.00210137 0.451985 -0.019632 0.0572238
47 -0.348696 0.488955 0.833066 0.318708 -0.24522
168 -0.335787 0.536644 0.789496 0.32004 -0.179226
203 -0.808024 0.402824 0.290991 0.118467 -0.206892
159 -0.281321 0.980415 0.587412 -0.536647 -0.27828
817 -2.14772 0.2158 0.56774 -0.802759 -0.389599
959 -2.0548 5.08185 1.52392 -0.496844 -0.860423
41 -0.749735 0.727439 0.0433028 -0.439597 0.0325894
257 -1.09817 0.63697 0.250568 -0.8114 -0.592562
771 -1.75087 2.42404 3.31795 0.295627 2.41017
380 -1.15766 0.217454 0.356231 0.201279 0.0420384
148 -0.561396 0.526342 0.260369 -0.0194923 -0.179615
648 -1.17442 1.0615 0.350022 0.374483 -0.420136
656 -0.866106 0.999406 0.829432 0.509305 -0.808786
63 -0.59924 0.45587 0.472421 -0.350702 0.632236
498 -0.143521 0.240603 0.897535 -0.346386 0.0961916
277 -0.483551 0.355674 0.594656 0.132471 -0.542113
427 -1.3253 0.662344 0.953042 0.56575 -0.630496
137 -0.963277 0.323608 0.354803 -0.286233 0.226594
914 -1.36781 -0.0831198 1.45396 -1.20317 -0.274517
943 -3.71278 -0.189808 4.28854 -3.09142 -0.673927
637 -0.422233 0.895624 0.471025 0.162925 -0.0593735
221 -0.730108 1.04987 0.514602 -1.15613 -0.239028
18 -0.613287 0.23757 0.480827 -0.50261 0.618292
697 -0.435248 1.56095 1.7764 -1.55283 0.484407
200 -0.503675 0.303555 0.740043 -0.550335 0.124377
459 -0.199849 0.635801 0.743878 -0.605435 0.137303
447 -0.795724 0.0913933 0.353228 -0.0298191 -0.0646752
852 -3.93741 3.35502 0.402535 -0.800442 -1.74274
826 -1.16296 2.04151 0.35878 -0.0997072 0.20086
419 -0.208979 0.931453 1.23562 -0.224027 -0.769812
284 -0.82258 0.598421 0.335161 0.22844 0.338313
848 -5.14102 0.375505 2.42802 0.415027 0.600599
99 -0.228975 0.26959 1.09253 -0.514008 0.409642
163 -0.905592 0.599179 0.0265413 -0.0601492 0.360513
534 -1.97744 0.70588 0.367816 -0.88371 0.861353
155 -0.925967 0.0349975 0.575839 -0.191255 0.505425
273 -0.617089 0.222598 1.72408 -1.09427 -0.237028
21 -0.414427 0.826959 0.509008 0.0173213 0.466667
39 -0.257952 0.490643 0.550421 -0.0371395 0.360573
502 -0.597194 0.337083 0.294339 -0.0379946 -0.0452578
425 -0.44175 0.44807 0.883387 0.386939 -0.000361832
238 -0.423908 0.741105 0.859667 0.365791 -0.136286
717 -0.414385 0.753187 1.26974 0.468846 0.0389537
950 -1.77048 2.88422 6.06673 0.720298 1.38483
570 -0.257007 0.930293 0.987801 -0.969384 0.292511
231 -0.343564 0.878207 0.311071 0.0160447 0.173683
79 -1.01316 0.783244 0.0530811 -0.103403 -0.114096
551 -1.22362 0.763282 0.618221 -1.6356 -0.0344378
181 -1.03483 0.239694 0.681596 0.293231 -0.149735
85 -0.826825 0.485259 0.085637 -0.0346304 0.208464
316 -1.06033 0.159604 0.293161 -0.254993 0.0541353
663 -1.94088 0.172605 0.43557 -0.47697 0.342327
129 -0.641948 0.18408 0.54175 -0.205775 0.371079
804 -1.66126 0.0936721 0.751924 0.129041 0.196458
450 -0.596695 0.645635 0.360301 -0.568049 -0.513988
256 -0.804808 0.918838 0.0175728 -0.424563 -0.294705
136 -0.779432 0.661577 0.272248 0.262481 -0.136558
278 -1.54464 1.20597 0.540551 0.702209 -0.081014
377 -0.120806 0.655043 0.721163 -0.616666 -0.0113863
183 -0.328123 0.617792 0.629378 -0.0245934 0.0452344
246 -0.4899 0.556551 0.788929 -0.0192677 -0.500005
104 -0.454629 0.567073 0.356803 -0.310513 -0.294515
843 -0.627686 0.332695 1.25476 0.409082 0.3732
185 -0.555631 0.591955 0.218073 -0.198751 -0.189586
53 -0.27969 0.374878 0.819716 -0.0705358 0.130177
194 -0.330094 0.184053 0.585999 -0.336835 0.130481
385 -0.829076 0.393971 0.0760683 -0.353705 0.476815
646 -1.06647 0.417605 0.389862 -0.884505 0.548102
519 -0.40503 0.83036 0.965834 -0.955008 0.574266
635 -0.504519 0.917685 1.18876 -1.15998 0.730029
252 -0.751522 0.335367 0.594839 -0.581229 0.294864
340 -0.299592 0.340541 1.26127 -0.087446 0.199509
357 -0.908368 -0.0287034 2.00443 -0.368596 0.0585894
702 -3.00245 -0.0496419 5.97879 -1.20334 0.18597
474 -0.54171 0.751466 0.204535 0.00100376 -0.0339031
642 -0.458454 1.20509 1.82924 0.338164 -0.113527
703 -1.2285 3.32442 4.7586 0.845173 -0.430036
58 -0.2904 0.917522 0.797689 -0.0406475 0.366858
213 -1.31409 -0.0429665 0.602927 -0.514409 -0.240265
52 -0.190732 0.493693 0.528058 -0.0963509 0.203513
83 -0.157853 0.52974 0.635843 -0.210115 -0.326765
197 -0.847075 0.123668 0.376868 -0.158045 -0.418683
545 -0.37016 0.873626 1.02539 -0.837739 0.292417
142 -0.550066 0.124057 1.32377 -0.752009 -0.1458
309 -0.99144 1.11226 0.0777124 -0.595773 0.257149
204 -0.828036 0.586906 0.14989 -0.169613 0.159859
816 -3.79355 4.14445 0.146557 -1.05547 -0.413913
755 -0.940993 1.04446 1.77959 -0.367509 -1.40545
406 -0.472723 0.387631 0.988459 0.0822482 0.64554
184 -0.713999 0.269582 0.697001 -0.529999 0.590256
577 -3.71579 0.626918 2.20825 -2.32932 2.4188
338 -1.06418 0.0214087 0.445711 -0.281739 -0.0379169
515 -1.56333 0.0868811 0.39671 -0.286153 0.295254
627 -0.866973 0.74209 1.69755 0.367768 0.942022
598 -0.921175 0.564648 0.306199 -1.01094 0.462622
497 -0.517478 0.534529 0.89962 -0.197753 -0.741696
134 -0.695098 0.415545 0.645899 -0.123725 -0.0105204
290 -0.0954209 0.772539 0.812939 -0.208989 0.252754
794 -1.56094 -0.170704 1.60979 -0.106119 -0.0407814
661 -2.64667 0.40483 0.517903 -0.517681 0.568264
107 -0.883109 0.333448 0.305367 0.128166 0.322953
676 -0.434967 0.643578 0.269069 -0.135853 0.401975
613 -0.485763 0.0830647 1.06711 -0.0863994 -0.286666
42 -0.603819 0.0772545 0.486684 -0.540682 -0.129996
271 -0.525413 1.52084 0.583626 -0.731411 0.536033
667 -0.878126 0.89481 0.700779 0.159058 -0.775079
513 -0.490268 0.435862 0.850783 -0.280514 -0.74827
304 -0.412645 0.685426 0.863543 -0.860789 0.562387
91 -0.794522 -0.01803 0.925467 -0.200069 0.483886
171 -0.563286 -0.0213134 0.899301 -0.155631 -0.0406379
405 -0.543569 1.20614 0.460144 -0.359587 0.0116715
693 -0.856015 0.155075 0.851523 -0.460467 0.789513
626 -1.29338 1.32498 0.0737347 -0.703325 0.282029
152 -0.604516 0.581464 0.640247 -0.583736 0.887856
291 -0.745824 0.633447 0.794182 -0.656154 0.970434
7 -0.449024 0.598165 0.413599 0.143985 0.126467
532 -0.417657 1.56867 0.852255 0.0969731 -0.144041
370 -1.05745 0.370829 0.548473 -0.0361438 0.317154
164 -0.440196 0.414948 0.352995 -0.666225 -0.131651
101 -0.738584 0.451392 0.154977 0.0642462 -0.303951
301 -1.23898 0.758553 0.332554 0.0555797 -0.585849
321 -0.282694 0.47026 0.944014 -0.0718672 0.32893
388 -0.688398 1.73606 1.30173 0.575279 0.321269
349 -0.475644 0.778875 0.229297 -0.675876 -0.0843288
43 -0.553074 0.311135 0.539617 -0.0754947 0.676092
173 -0.360462 0.624151 0.51177 -0.778898 0.31311
421 -0.174334 0.691837 0.752366 -0.172284 0.182904
15 -0.579079 0.554539 0.32233 -0.571148 -0.251306
51 -0.414155 0.228681 0.658548 -0.338193 0.0584457
633 -0.598951 1.18113 0.31192 -0.0447404 -0.119548
330 -0.423517 0.411543 0.759619 -0.67362 0.150262
207 -0.548357 0.303033 0.664177 0.0151098 0.296006
524 -0.689555 0.526362 0.977519 0.118086 -0.437719
441 -0.716999 0.449861 0.917265 0.444313 0.421106
467 -0.269167 0.593166 0.57968 -0.589988 0.270048
508 -0.332238 0.452523 1.00386 -0.367847 -0.550636
211 -0.590759 0.287756 0.400118 -0.388898 -0.16823
124 -0.694662 0.703411 0.137669 -0.387564 0.365035
215 -1.0901 0.550107 0.147634 -0.699878 0.453734
819 -0.692948 0.510428 0.354038 -1.08588 -0.0218898
253 -0.790999 0.742333 0.0890011 -0.0603526 -0.0717609
539 -1.27367 -0.0625189 1.59593 0.145182 0.393549
428 -1.0267 0.46367 0.815185 0.591324 0.260851
458 -1.24359 0.898565 0.882686 0.652253 -0.595328
87 -0.285716 0.739223 0.508889 -0.226637 0.125613
251 -0.7488 0.568537 0.972518 0.578717 0.105407
108 -0.465747 0.31448 0.451049 0.0686696 0.250752
526 -0.3676 -0.0253126 0.955733 -0.359201 0.00211422
112 -0.102369 0.524202 0.907929 -0.404433 0.0509406
209 -0.962064 0.41716 0.318317 -0.0887756 -0.470604
199 -0.584212 0.170486 0.851159 0.253088 -0.310623
361 -0.788196 0.447659 0.521564 0.159706 0.624743
420 -0.763927 1.22369 0.0769714 -0.278009 0.194127
262 -0.435704 0.186433 0.382883 -0.0773936 -0.164436
237 -0.514254 1.43739 0.443848 -0.740025 0.349546
654 -0.250848 0.8735 0.660006 -0.783057 0.393116
31 -0.647163 0.229828 0.543486 0.353735 0.0452595
269 -0.492388 0.397596 0.456295 0.160125 -0.326047
668 -0.569608 0.796254 0.345655 0.282088 -0.169755
247 -0.734226 0.0483597 0.586053 -0.010441 0.0350927
443 -0.606015 0.190958 0.584511 -0.564314 -0.502994
555 -0.793078 1.27221 0.737192 -1.34628 0.607643
4 -0.485505 0.727842 0.393258 0.0188442 0.0301219
608 -0.584894 0.524017 1.08536 0.23627 0.634563
399 -0.473003 0.315713 1.71696 -0.257764 0.389373
362 -0.793814 0.546265 0.705736 0.42091 0.512806
507 -0.832458 0.791597 0.286513 0.226383 0.449571
525 -0.899546 0.81206 0.001507 -0.372249 0.117597
496 -1.62157 0.738825 0.0544138 -0.705802 0.110217
294 -0.799532 0.302405 0.217164 -0.310151 -0.403564
600 -0.806548 0.855112 0.0482333 -0.0364085 -0.0460715
448 -1.17209 0.786769 0.737602 0.234317 1.03402
527 -1.2772 0.784727 0.885886 0.232345 1.18763
2 -0.230392 0.662154 0.728093 -0.453606 -0.237704
962 -1.02287 3.84288 4.17027 -2.18485 -1.81489
6 -0.864699 -0.0223002 0.395737 -0.149158 0.00175288
312 -0.816627 1.56775 0.340681 -0.797986 0.110648
683 -0.584174 1.64688 0.407694 -0.790764 0.23603
12 -0.293774 0.757031 0.524283 -0.093412 -0.00881647
233 -0.19288 0.50925 0.517596 -0.209337 0.287412
22 -0.513103 0.370378 0.496119 0.155979 -0.0371698
275 -0.521837 0.288643 0.69783 0.132328 0.0374256
324 -0.89412 0.35177 0.818396 0.424005 -0.057698
117 -0.922737 0.154111 0.321589 -0.75039 0.441287
807 -0.959895 0.210638 0.672721 -1.10064 0.461964
25 -0.191277 0.480888 0.541693 -0.0301446 -0.108074
423 -0.642576 0.863044 0.508768 0.107558 0.715197
739 -0.976472 1.28634 0.87029 0.0710029 1.15509
411 -0.5062 0.40639 0.158023 -0.414722 0.0500489
766 -0.196495 1.04669 1.68045 -0.332033 0.108309
336 -0.63717 -0.028912 0.703789 -0.245801 0.387162
644 -0.730744 1.3662 0.244108 -0.00267915 0.0957133
235 -0.364562 0.666132 0.419883 -0.719808 0.360006
694 -0.954966 1.62255 0.460271 0.182327 0.22041
34 -0.985427 0.36278 0.14085 -0.412893 0.419833
227 -0.608259 0.431763 0.373528 -0.820666 -0.266857
90 -0.860329 0.46113 0.0633187 -0.599215 0.288314
446 -1.20374 0.6582 0.174381 -0.72601 -0.138983
651 -0.996147 2.738 4.71759 0.520511 0.807231
111 -0.31513 0.662319 0.496147 -0.392323 0.389252
435 -0.475611 0.742572 0.308277 -0.389142 0.587329
56 -0.475785 0.780685 0.415219 0.115239 0.202109
188 -0.585632 0.735174 0.250753 0.0750174 0.319903
389 -0.190543 0.863582 0.968095 -0.146246 -0.24182
522 -1.39756 0.0855356 1.05014 -0.885776 0.995772
460 -1.12743 -0.290859 1.27064 -0.553543 0.0503887
487 -0.377855 0.616192 1.07189 -0.243381 -0.475021
11 -0.3459 0.182109 0.492741 -0.188786 0.24054
97 -0.780795 0.113654 0.361995 -0.372841 -0.217207
415 -0.303231 0.615015 0.593348 -0.531555 -0.305283
140 -0.511859 0.379536 0.735337 -0.563839 -0.55419
576 -0.740511 0.697829 0.28888 0.377974 -0.0118347
157 -0.374489 1.02898 0.27293 -0.550877 0.199152
748 -1.32377 1.89489 3.74861 0.805489 -1.20728
937 -0.225881 1.27699 1.29237 -0.700449 -0.509738
351 -0.640968 0.386874 0.691659 0.044105 0.293793
268 -0.762981 0.534118 0.604132 -0.377975 0.847334
335 -0.788994 0.563538 0.293968 -0.508699 0.314637
139 -0.799709 0.891203 0.182059 0.181874 0.188674
128 -0.54 1.10916 0.250007 -0.279673 -0.129479
371 -0.725181 0.0281816 0.450689 -0.276205 -0.242343
37 -0.100099 0.62327 1.01846 -0.488401 0.224228
455 -1.14433 0.139475 0.241178 -0.245615 0.154904
110 -0.340551 0.485291 0.990734 0.241762 0.161312
313 -0.549261 0.938758 1.97208 0.256212 0.354879
244 -0.733082 0.0717915 0.413003 -0.250642 0.0358793
354 -0.245597 0.137739 0.672461 -0.343454 0.16907
59 -0.45087 0.288239 0.592301 -0.77334 -0.11806
628 -2.00975 1.45279 3.05175 -4.06398 -0.335448
190 -0.662371 0.595924 0.403412 -0.0795177 -0.530874
156 -0.319053 0.244551 0.925171 0.0692051 0.125927
422 -1.20504 0.990615 0.874502 -0.153485 -1.17552
297 -0.688225 0.915843 0.159971 -0.422325 0.436919
355 -0.246227 0.806657 0.678615 -0.0924272 0.353548
169 -0.641717 0.628657 0.162885 -0.238981 -0.227998
234 -0.454121 0.322742 0.713495 0.093041 0.0832314
103 -1.0314 0.247841 0.437378 -0.974997 0.30799
609 -1.05262 0.0283504 1.14781 -1.00967 -0.177099
562 -0.770867 0.91789 0.275958 -0.665872 -0.274731
202 -0.790211 0.265274 0.263178 -0.508763 0.119743
74 -0.518261 0.31286 0.305228 0.0157486 0.127882
65 -0.533024 0.359855 0.640225 0.183302 -0.209762
113 -0.941182 0.0773206 0.54728 0.167528 -0.141013
241 -0.535871 0.458876 0.389024 0.27269 0.333435
289 -0.347017 0.46366 0.58302 -0.00949239 0.213674
120 -0.845741 0.114106 0.880749 0.200173 -0.208248
38 -0.464719 0.314485 0.552436 -0.0739446 -0.018942
119 -0.979785 -0.21443 0.721212 -0.122853 -0.0315738
899 -0.387218 0.49442 1.89958 -0.425381 -0.354929
307 -0.657927 -0.0768585 0.823737 -0.663728 -0.105044
597 -0.744652 0.256997 0.558036 0.461584 -0.0894175
55 -0.654933 0.529218 0.219095 -0.723593 -0.0981174
322 -0.947652 0.529553 0.683219 0.558312 0.0768987
754 -1.23637 0.45073 0.917526 0.757625 -0.150007
33 -0.331273 0.527202 0.778481 0.0983994 -0.040841
396 -0.455877 0.867516 1.09179 -1.00566 0.638187
195 -0.887913 0.906829 0.265472 -0.672674 0.645339
452 -0.392202 0.710057 0.571978 0.146098 0.053209
8 -1.02351 0.263124 0.701748 0.29717 -0.0803956
151 -0.343383 0.409778 0.42673 0.179887 -0.0868388
177 -0.501949 0.376934 0.696595 -0.746209 -0.373356
249 -0.413142 0.0404629 0.918416 -0.176901 0.114011
172 -0.705533 0.61416 0.255596 -0.588421 -0.521534
417 -1.04386 0.556141 0.111727 -0.634989 -0.0893634
66 -0.698663 0.485364 0.26177 0.00207003 0.178942
449 -0.594185 0.389137 0.830481 -0.795967 -0.622992
64 -0.57869 0.479719 0.226475 -0.469032 -0.52563
614 -1.38261 -0.165607 1.4388 -0.614541 -0.343773
276 -0.792946 0.449221 0.557274 0.425435 -0.103679
161 -1.15714 -0.0347417 0.585296 0.00553683 0.133262
865 -0.750937 2.00233 0.570032 -0.968909 0.557897
154 -0.866461 0.283965 0.314851 -0.140047 -0.235908
191 -1.13984 0.964442 0.299238 -0.308835 0.411304
325 -0.396054 0.305532 1.27546 -0.274356 0.319908
438 -0.675156 0.436671 2.15228 -0.349402 0.455707
418 -0.671425 1.52687 0.682439 -0.0659039 0.775331
270 -0.342151 1.12226 0.97 0.230629 -0.0717245
736 -0.621595 0.607012 0.326353 0.0236115 -0.378541
653 -0.466554 1.12902 1.25595 -1.0359 0.278799
864 -1.17672 0.459687 2.33489 0.505964 0.190147
283 -0.458129 0.875534 0.409274 -0.769181 0.305627
71 -0.233368 0.912519 0.517124 0.0154116 -0.13184
82 -0.774427 0.203138 0.73007 -0.130666 0.764056
98 -1.19912 0.187663 0.682539 0.309637 -0.0765847
386 -0.589632 0.19765 0.689474 -0.226388 0.653844
259 -1.02692 0.0574946 0.41092 -0.397579 -0.443538
433 -0.561296 0.439297 0.788061 -0.697513 -0.551984
540 -1.30136 0.56197 0.0969261 -0.787543 -0.227175
280 -0.475771 0.402582 0.409191 -0.399137 -0.544207
409 -0.624246 -0.0164575 0.919785 -0.272736 0.435348
212 -0.139836 0.597532 0.652836 -0.113039 0.217503
761 -1.52708 1.51004 3.71835 -1.88903 -1.81144
49 -0.323845 0.416194 0.471178 -0.392095 0.246482
485 -0.328413 1.09283 1.02527 -0.596797 -0.482887
10 -0.675521 0.479093 0.293049 0.0774654 -0.251431
921 -1.53983 2.16654 1.03459 0.878897 -0.149319
856 -0.608185 1.15731 1.52659 -1.41149 0.888392
130 -0.322201 0.164053 1.03345 -0.128942 0.248379
236 -0.727917 0.520086 0.485598 0.408048 -0.0803841
205 -0.384044 0.979015 0.306954 -0.440311 0.315102
218 -0.268758 0.197896 0.903131 -0.535417 0.0905517
279 -0.647421 0.383461 0.529727 0.350061 0.0349947
261 -0.451817 0.621817 0.363582 0.159279 -0.0648565
494 -0.654025 0.556975 0.283699 0.0800735 -0.0231809
67 -0.584942 0.290709 1.19148 0.360926 0.182399
122 -0.372627 0.265137 0.657945 -0.731883 0.445243
48 -1.04152 -0.00143491 0.721041 -0.0923588 0.467249
35 -0.83279 0.13009 0.392572 -0.0899014 0.365691
394 -0.440802 1.28313 0.829522 -0.0993289 0.881637
395 -0.245668 0.255806 0.659226 -0.21891 0.414054
331 -0.472993 0.177076 0.418679 -0.171007 -0.404988
680 -0.631502 0.700858 1.24637 -0.269826 -1.01959
652 -2.05342 0.319201 0.38686 -0.440805 0.401724
255 -0.456672 0.603092 0.323349 -0.452047 -0.0726698
281 -0.609064 0.258873 0.63274 -0.593976 -0.481369
715 -0.924679 0.90821 0.395422 0.288938 0.464427
584 -0.496196 0.191461 0.896673 -0.259464 -0.0231722
444 -0.28834 0.349846 0.748978 -0.391209 0.314459
29 -0.668379 0.563677 0.2158 -0.573766 -0.294426
400 -0.581134 0.539549 0.994633 -0.0317531 0.0955147
229 -0.426029 0.538778 0.88573 -0.657725 0.680621
69 -0.831031 0.204055 0.249897 -0.164832 0.313047
424 -0.594183 0.741169 0.100876 0.00895301 0.350654
453 -0.884388 1.21123 0.0630001 -0.239896 -0.280337
240 -0.279862 0.890285 0.476226 -0.132094 0.311791
333 -0.528941 1.43167 0.372749 -0.0655256 -0.078698
773 -1.08667 0.340633 0.350505 -0.803601 0.548073
486 -0.177221 0.062907 0.806279 -0.303595 0.197985
123 -0.719852 0.220254 0.362806 -0.0532137 0.226617
378 -0.592915 0.522724 0.333261 -0.54073 -0.491626
368 -0.514691 1.14641 0.250316 -0.497254 -0.0553281
472 -0.810487 0.79952 0.380332 0.260049 0.48714
413 -0.427297 0.428508 0.775378 -0.343827 -0.35197
94 -0.528975 0.913261 0.448571 0.302399 -0.0610247
36 -0.700294 0.337658 0.426114 0.0857721 0.585194
