-3.078560000000000185e-01 4.252119999999999789e-01 2.417269999999999974e-01 2.949899999999999745e-01 6.110179999999999501e-01
-2.587909999999999933e-01 3.644910000000000094e-01 2.102940000000000087e-01 2.984109999999999818e-01 6.513379999999999725e-01
-3.365799999999999903e-01 3.957479999999999887e-01 4.156569999999999987e-01 1.875070000000000070e-01 4.536640000000000117e-01
-4.484079999999999733e-01 3.175149999999999917e-01 2.679420000000000135e-01 3.176370000000000027e-01 5.814650000000000096e-01
-3.762860000000000094e-01 2.839510000000000089e-01 3.292769999999999864e-01 3.130299999999999749e-01 7.022270000000000456e-01
-3.110109999999999819e-01 4.140570000000000084e-01 3.715049999999999741e-01 2.286350000000000049e-01 5.924049999999999594e-01
-3.486839999999999939e-01 4.965339999999999754e-01 2.994060000000000055e-01 3.204690000000000039e-01 6.807839999999999447e-01
-4.233239999999999781e-01 4.035079999999999778e-01 2.734770000000000256e-01 3.198159999999999892e-01 6.524640000000000439e-01
-4.093439999999999857e-01 2.949510000000000187e-01 7.582510000000000638e-02 2.497240000000000015e-01 8.166440000000000365e-01
-2.707760000000000167e-01 2.714039999999999786e-01 2.942690000000000028e-01 3.792139999999999955e-01 6.482689999999999841e-01
-3.276970000000000161e-01 1.983669999999999878e-01 3.009640000000000093e-01 3.125609999999999777e-01 5.759130000000000082e-01
-2.565339999999999843e-01 3.534089999999999732e-01 2.204190000000000038e-01 3.083699999999999775e-01 6.720500000000000362e-01
-2.887390000000000234e-01 3.843920000000000115e-01 2.500910000000000077e-01 2.554549999999999876e-01 6.585649999999999560e-01
-4.322280000000000011e-01 3.847010000000000152e-01 1.019140000000000046e-01 2.668349999999999889e-01 7.512820000000000054e-01
-3.404490000000000016e-01 5.184699999999999864e-01 3.952309999999999990e-01 3.487990000000000257e-01 6.476960000000000495e-01
-1.966910000000000047e-01 5.254980000000000206e-01 3.906990000000000185e-01 3.112840000000000051e-01 6.267249999999999766e-01
-2.905110000000000192e-01 4.192080000000000251e-01 2.829389999999999961e-01 3.554030000000000244e-01 6.250130000000000408e-01
-4.157480000000000064e-01 3.162280000000000091e-01 2.117050000000000043e-01 3.733119999999999772e-01 7.417529999999999957e-01
-4.024349999999999872e-01 4.889200000000000212e-01 2.649259999999999948e-01 2.124550000000000050e-01 6.353410000000000446e-01
-3.338650000000000229e-01 4.670190000000000174e-01 3.458129999999999815e-01 2.090410000000000046e-01 6.370639999999999636e-01
-4.422619999999999885e-01 4.433710000000000151e-01 9.095880000000000631e-02 2.576189999999999869e-01 6.398369999999999891e-01
-3.074509999999999743e-01 3.709890000000000132e-01 4.236690000000000178e-01 3.420250000000000234e-01 5.456210000000000226e-01
-3.012110000000000065e-01 3.415360000000000062e-01 2.555709999999999926e-01 2.925619999999999887e-01 4.862810000000000188e-01
-3.290969999999999729e-01 4.576509999999999745e-01 1.491740000000000010e-01 2.823829999999999951e-01 7.367340000000000000e-01
-2.742379999999999818e-01 5.325320000000000054e-01 2.809240000000000070e-01 3.250899999999999901e-01 7.246050000000000546e-01
-4.639619999999999855e-01 3.062599999999999767e-01 1.215750000000000025e-01 3.183489999999999931e-01 6.709530000000000216e-01
-2.673039999999999861e-01 3.820490000000000275e-01 5.345069999999999544e-01 3.790060000000000096e-01 4.779370000000000007e-01
-2.878129999999999855e-01 3.630760000000000098e-01 2.023330000000000128e-01 3.418329999999999980e-01 5.965420000000000167e-01
-3.417810000000000015e-01 4.162100000000000244e-01 3.222909999999999942e-01 4.719309999999999894e-01 7.006120000000000125e-01
-3.200939999999999896e-01 3.948800000000000088e-01 1.294530000000000125e-01 2.332639999999999991e-01 7.019309999999999716e-01
-3.942089999999999761e-01 4.151969999999999827e-01 3.891120000000000134e-01 3.708730000000000082e-01 6.292240000000000055e-01
-3.187969999999999970e-01 4.467439999999999745e-01 2.022319999999999951e-01 3.422080000000000122e-01 6.651310000000000278e-01
-2.506320000000000214e-01 3.425070000000000059e-01 3.500360000000000138e-01 2.822569999999999801e-01 6.394100000000000339e-01
-3.101010000000000155e-01 5.011640000000000539e-01 2.358049999999999868e-01 2.438289999999999902e-01 5.735989999999999700e-01
-3.215359999999999885e-01 4.524079999999999768e-01 8.580350000000000477e-02 3.099810000000000065e-01 6.462229999999999919e-01
-2.344650000000000067e-01 3.402850000000000041e-01 4.159149999999999792e-01 3.535329999999999862e-01 6.370440000000000547e-01
-3.064450000000000229e-01 4.272389999999999799e-01 3.497620000000000173e-01 3.664720000000000200e-01 6.537819999999999743e-01
-3.620120000000000005e-01 4.634780000000000011e-01 3.525639999999999885e-01 3.305649999999999977e-01 8.478259999999999685e-01
-3.865730000000000000e-01 4.049389999999999934e-01 1.313300000000000023e-01 3.680450000000000110e-01 7.594889999999999697e-01
-3.858300000000000063e-01 4.642680000000000140e-01 3.522129999999999983e-01 3.118859999999999966e-01 7.179370000000000474e-01
-4.048229999999999884e-01 2.765389999999999793e-01 3.510579999999999812e-01 3.265979999999999994e-01 6.585509999999999975e-01
-3.192119999999999957e-01 3.852340000000000209e-01 2.295639999999999903e-01 2.354020000000000001e-01 8.669029999999999792e-01
-2.429550000000000043e-01 4.312960000000000127e-01 3.328920000000000212e-01 2.698030000000000150e-01 6.883599999999999719e-01
-1.963509999999999978e-01 5.245509999999999895e-01 4.397750000000000270e-01 2.092960000000000098e-01 5.088089999999999558e-01
-3.272570000000000201e-01 2.966409999999999880e-01 1.501679999999999959e-01 2.769039999999999835e-01 6.089050000000000296e-01
-2.448770000000000113e-01 4.731580000000000230e-01 2.966380000000000128e-01 4.023169999999999802e-01 6.810079999999999467e-01
-3.799790000000000112e-01 3.897220000000000129e-01 2.288519999999999999e-01 2.963370000000000171e-01 6.881129999999999747e-01
-3.523870000000000058e-01 3.789219999999999811e-01 4.068899999999999739e-01 3.713460000000000094e-01 7.613410000000000455e-01
-3.410250000000000226e-01 3.837389999999999968e-01 2.695779999999999843e-01 2.733820000000000139e-01 5.621009999999999618e-01
-2.229160000000000030e-01 4.303779999999999828e-01 3.140260000000000273e-01 3.079000000000000070e-01 7.155399999999999539e-01
-4.609280000000000044e-01 3.563649999999999873e-01 2.140189999999999870e-01 3.923510000000000053e-01 6.596379999999999466e-01
-3.044970000000000176e-01 4.657370000000000121e-01 4.936269999999999825e-01 3.043779999999999819e-01 5.575860000000000261e-01
-3.134569999999999856e-01 4.263069999999999915e-01 3.615530000000000133e-01 2.517249999999999766e-01 5.903450000000000086e-01
-3.570559999999999845e-01 4.446849999999999969e-01 3.047610000000000041e-01 2.937480000000000091e-01 5.902340000000000364e-01
-4.092910000000000159e-01 4.147529999999999828e-01 3.737300000000000066e-01 3.446190000000000087e-01 5.840109999999999468e-01
-2.595879999999999854e-01 3.699540000000000051e-01 4.065389999999999837e-01 2.286650000000000071e-01 6.100309999999999899e-01
-2.578790000000000249e-01 4.682899999999999840e-01 3.476090000000000013e-01 3.089549999999999796e-01 7.398599999999999621e-01
-2.887379999999999947e-01 3.707759999999999945e-01 3.086570000000000147e-01 2.137860000000000038e-01 5.732840000000000158e-01
-3.797630000000000172e-01 4.227679999999999771e-01 2.514950000000000241e-01 2.852009999999999823e-01 7.297409999999999730e-01
-3.063230000000000119e-01 5.891710000000000003e-01 2.698599999999999888e-01 2.488839999999999941e-01 6.528800000000000159e-01
-3.102280000000000038e-01 4.309890000000000110e-01 4.036790000000000100e-01 2.437529999999999974e-01 6.529120000000000479e-01
-3.728960000000000052e-01 3.052179999999999893e-01 3.826570000000000249e-01 3.163210000000000188e-01 6.064739999999999576e-01
-4.682910000000000128e-01 5.435480000000000311e-01 2.766449999999999743e-01 2.452360000000000095e-01 6.883799999999999919e-01
-3.298209999999999753e-01 5.011769999999999836e-01 1.881879999999999942e-01 3.879879999999999995e-01 7.205580000000000318e-01
-4.107729999999999992e-01 5.270099999999999785e-01 1.585330000000000072e-01 1.787719999999999865e-01 6.725100000000000522e-01
-2.983540000000000081e-01 4.699360000000000204e-01 3.309259999999999979e-01 1.440110000000000001e-01 8.326040000000000108e-01
-3.722249999999999726e-01 3.680399999999999783e-01 2.577579999999999871e-01 2.128359999999999974e-01 6.269909999999999650e-01
-3.631280000000000063e-01 4.922819999999999974e-01 3.462069999999999870e-01 2.717769999999999908e-01 8.200079999999999592e-01
-3.260959999999999970e-01 4.170619999999999883e-01 2.308870000000000089e-01 2.922170000000000045e-01 7.356759999999999966e-01
-4.697410000000000196e-01 1.943390000000000117e-01 1.879470000000000030e-01 2.443079999999999974e-01 7.836610000000000520e-01
-3.176990000000000092e-01 4.057769999999999988e-01 3.000169999999999781e-01 2.978140000000000231e-01 6.454990000000000450e-01
-3.890979999999999994e-01 3.213400000000000145e-01 4.365490000000000204e-01 2.725589999999999957e-01 6.674700000000000077e-01
-2.996030000000000082e-01 4.585750000000000104e-01 3.337040000000000006e-01 2.103609999999999924e-01 5.952060000000000128e-01
-3.870359999999999912e-01 4.013010000000000188e-01 4.448779999999999957e-01 3.880759999999999765e-01 6.910129999999999884e-01
-3.567379999999999995e-01 2.660219999999999807e-01 3.201470000000000149e-01 3.242749999999999799e-01 6.913939999999999531e-01
-3.713870000000000227e-01 4.451410000000000089e-01 3.299369999999999803e-01 2.519410000000000260e-01 6.323140000000000427e-01
-3.537870000000000181e-01 4.895289999999999919e-01 1.894780000000000075e-01 1.374479999999999869e-01 6.890319999999999778e-01
-2.856009999999999938e-01 4.018129999999999757e-01 2.390130000000000032e-01 2.664440000000000142e-01 6.453750000000000320e-01
-3.950949999999999740e-01 4.493280000000000052e-01 2.063589999999999869e-01 2.550390000000000157e-01 7.575490000000000279e-01
-3.131109999999999727e-01 3.393090000000000273e-01 3.570329999999999893e-01 2.654380000000000073e-01 6.867349999999999843e-01
-4.238100000000000200e-01 3.743819999999999926e-01 2.848720000000000141e-01 3.039259999999999740e-01 6.367399999999999727e-01
-3.352769999999999917e-01 4.585830000000000184e-01 3.652560000000000251e-01 3.058949999999999725e-01 7.514319999999999888e-01
-3.666800000000000059e-01 5.111590000000000300e-01 3.903320000000000123e-01 2.521519999999999873e-01 6.909859999999999891e-01
-3.033939999999999970e-01 4.782159999999999744e-01 3.037980000000000125e-01 2.947529999999999872e-01 6.626729999999999565e-01
-3.744830000000000103e-01 3.014609999999999790e-01 4.564270000000000271e-01 3.303670000000000218e-01 7.018720000000000514e-01
-3.087599999999999789e-01 3.954980000000000162e-01 4.566950000000000176e-01 3.366919999999999913e-01 6.230459999999999887e-01
-4.012839999999999741e-01 4.319939999999999891e-01 1.213479999999999975e-01 2.478589999999999960e-01 8.508980000000000432e-01
-3.581889999999999796e-01 4.880820000000000158e-01 4.339040000000000119e-01 3.356190000000000007e-01 6.720169999999999755e-01
-4.411869999999999958e-01 3.921200000000000241e-01 2.779969999999999941e-01 2.548560000000000270e-01 6.726870000000000349e-01
-2.731959999999999944e-01 4.233430000000000248e-01 2.575580000000000092e-01 2.659210000000000185e-01 5.636290000000000466e-01
-4.133580000000000032e-01 3.732150000000000190e-01 2.171359999999999957e-01 2.419399999999999884e-01 6.805459999999999843e-01
-4.391809999999999881e-01 3.323579999999999868e-01 3.422000000000000042e-01 3.121789999999999843e-01 6.299940000000000540e-01
-3.830760000000000276e-01 4.030830000000000246e-01 3.850520000000000054e-01 2.887069999999999914e-01 7.371199999999999974e-01
-3.363749999999999796e-01 3.818059999999999787e-01 2.240870000000000084e-01 3.003029999999999866e-01 6.536290000000000155e-01
-4.183950000000000169e-01 4.516140000000000154e-01 3.932140000000000080e-01 3.366489999999999760e-01 7.073490000000000055e-01
-4.732160000000000255e-01 5.156549999999999745e-01 2.753289999999999904e-01 3.063779999999999837e-01 8.203259999999999996e-01
-3.497040000000000148e-01 5.612679999999999891e-01 2.447270000000000001e-01 3.100339999999999763e-01 7.739270000000000316e-01
-4.375990000000000157e-01 4.006060000000000176e-01 2.900679999999999925e-01 3.086900000000000199e-01 8.270690000000000541e-01
-4.484609999999999985e-01 4.866510000000000002e-01 2.431399999999999950e-01 1.703210000000000002e-01 6.324859999999999927e-01
-3.473019999999999996e-01 4.907670000000000088e-01 3.878360000000000141e-01 3.679350000000000120e-01 8.455030000000000046e-01
-3.575619999999999910e-01 5.281010000000000426e-01 2.443839999999999901e-01 2.325939999999999952e-01 6.894850000000000145e-01
-3.430659999999999821e-01 4.156279999999999974e-01 3.648850000000000149e-01 2.931540000000000257e-01 6.812820000000000542e-01
-2.469530000000000058e-01 3.396609999999999907e-01 4.307830000000000270e-01 3.568089999999999873e-01 6.501719999999999722e-01
-3.375529999999999919e-01 3.929900000000000060e-01 3.834919999999999995e-01 3.552440000000000042e-01 6.827060000000000350e-01
-4.684320000000000150e-01 4.339189999999999992e-01 3.104939999999999922e-01 3.384980000000000211e-01 8.373890000000000500e-01
-2.946309999999999762e-01 4.587979999999999836e-01 3.902530000000000165e-01 2.052489999999999870e-01 7.684569999999999457e-01
-4.031219999999999803e-01 4.504839999999999955e-01 3.100339999999999763e-01 2.907359999999999944e-01 7.531820000000000181e-01
-4.315939999999999777e-01 4.402690000000000214e-01 4.408619999999999761e-01 2.868100000000000094e-01 5.887189999999999923e-01
-3.524610000000000243e-01 3.937729999999999841e-01 3.640379999999999727e-01 3.382939999999999836e-01 7.388529999999999820e-01
-5.298329999999999984e-01 5.304189999999999738e-01 4.277070000000000038e-01 2.592110000000000247e-01 7.050020000000000175e-01
-3.829029999999999934e-01 3.845850000000000102e-01 3.251439999999999886e-01 2.630219999999999780e-01 7.573680000000000412e-01
-4.611290000000000111e-01 5.509450000000000180e-01 1.438490000000000046e-01 2.824189999999999756e-01 7.212549999999999795e-01
-4.047339999999999827e-01 3.088000000000000189e-01 1.803019999999999901e-01 3.135459999999999914e-01 8.082470000000000487e-01
-4.380740000000000189e-01 5.588999999999999524e-01 3.478570000000000273e-01 2.044529999999999959e-01 8.601090000000000124e-01
-3.865660000000000207e-01 4.108859999999999735e-01 2.375569999999999904e-01 3.675820000000000198e-01 6.240919999999999801e-01
-5.207760000000000167e-01 4.956650000000000222e-01 3.142229999999999746e-01 3.503290000000000015e-01 8.115390000000000104e-01
-3.771019999999999928e-01 5.712789999999999813e-01 1.417279999999999929e-01 3.414840000000000098e-01 7.215329999999999799e-01
-4.688470000000000137e-01 3.672279999999999989e-01 1.521450000000000025e-01 2.818039999999999989e-01 7.873999999999999888e-01
-4.604309999999999792e-01 4.800209999999999755e-01 2.999200000000000199e-01 3.805089999999999861e-01 7.666290000000000049e-01
-3.583700000000000219e-01 4.763649999999999829e-01 4.463429999999999898e-01 1.927550000000000097e-01 6.167340000000000044e-01
-2.792330000000000090e-01 4.441470000000000140e-01 2.840079999999999827e-01 2.552610000000000157e-01 8.399959999999999649e-01
-3.927809999999999913e-01 5.066410000000000080e-01 4.278049999999999908e-01 2.908000000000000029e-01 7.121030000000000415e-01
-4.110690000000000177e-01 4.380930000000000102e-01 4.491370000000000084e-01 3.833420000000000161e-01 6.995409999999999684e-01
-5.042339999999999600e-01 5.917590000000000350e-01 3.985339999999999994e-01 3.050740000000000118e-01 7.884240000000000137e-01
-5.348389999999999533e-01 4.914899999999999824e-01 2.461550000000000127e-01 3.562520000000000131e-01 8.406169999999999476e-01
-3.908869999999999845e-01 4.262819999999999943e-01 3.293849999999999834e-01 2.518480000000000163e-01 7.188240000000000185e-01
-5.386119999999999797e-01 6.078860000000000374e-01 3.524229999999999863e-01 3.445739999999999914e-01 6.318780000000000507e-01
-5.166859999999999786e-01 4.349660000000000193e-01 3.814299999999999913e-01 3.187999999999999723e-01 6.606429999999999803e-01
-4.064229999999999787e-01 5.624670000000000503e-01 4.030270000000000241e-01 2.652070000000000261e-01 6.199270000000000058e-01
-2.234019999999999895e-01 5.079230000000000134e-01 4.090619999999999812e-01 2.434230000000000005e-01 6.764909999999999535e-01
-3.518669999999999853e-01 3.593589999999999840e-01 4.113820000000000254e-01 2.560870000000000091e-01 6.550280000000000546e-01
-3.901490000000000236e-01 6.246660000000000545e-01 4.275639999999999996e-01 4.275920000000000276e-01 5.648769999999999625e-01
-6.000199999999999978e-01 3.482230000000000047e-01 4.919290000000000052e-01 2.498049999999999993e-01 6.011009999999999964e-01
-3.892050000000000232e-01 3.708629999999999982e-01 2.275389999999999913e-01 2.631740000000000190e-01 6.706520000000000259e-01
-3.874469999999999859e-01 3.867289999999999894e-01 3.538930000000000131e-01 3.802740000000000009e-01 7.553090000000000082e-01
-3.418399999999999772e-01 4.089720000000000022e-01 3.961330000000000129e-01 2.212870000000000115e-01 6.351350000000000051e-01
-4.008729999999999793e-01 5.057610000000000161e-01 4.093720000000000137e-01 3.704339999999999855e-01 5.789060000000000317e-01
-3.327939999999999787e-01 2.930349999999999899e-01 2.464540000000000064e-01 2.279480000000000117e-01 6.229839999999999822e-01
-2.520789999999999975e-01 4.368409999999999793e-01 3.651280000000000081e-01 2.447600000000000053e-01 7.043650000000000189e-01
-3.174890000000000212e-01 5.054929999999999701e-01 3.694950000000000179e-01 3.825250000000000039e-01 6.746379999999999599e-01
-5.060210000000000541e-01 4.152730000000000032e-01 2.379290000000000016e-01 3.482870000000000132e-01 6.431630000000000402e-01
-3.741590000000000193e-01 3.727079999999999838e-01 2.274899999999999978e-01 3.355049999999999977e-01 7.178579999999999961e-01
-2.643159999999999954e-01 5.059569999999999901e-01 5.194720000000000448e-01 3.439110000000000222e-01 5.914340000000000153e-01
-4.179800000000000182e-01 5.115769999999999484e-01 2.628269999999999773e-01 3.717650000000000121e-01 6.777269999999999683e-01
-5.347680000000000211e-01 4.285349999999999993e-01 3.375989999999999824e-01 2.439669999999999894e-01 8.412800000000000278e-01
-4.141489999999999894e-01 3.290600000000000191e-01 3.507709999999999995e-01 3.836879999999999735e-01 7.778650000000000286e-01
-4.195650000000000213e-01 3.981700000000000239e-01 2.868749999999999911e-01 2.999560000000000004e-01 7.946959999999999580e-01
-3.792869999999999853e-01 4.586450000000000249e-01 4.133879999999999777e-01 3.097750000000000226e-01 7.682510000000000172e-01
-5.019479999999999498e-01 4.773939999999999850e-01 4.867270000000000207e-01 2.112320000000000031e-01 6.575459999999999638e-01
-4.529699999999999838e-01 4.911889999999999867e-01 3.544570000000000221e-01 1.828160000000000063e-01 7.499230000000000063e-01
-3.274270000000000236e-01 4.534540000000000237e-01 3.892789999999999861e-01 1.902969999999999939e-01 6.492320000000000313e-01
-3.089790000000000036e-01 5.232630000000000337e-01 1.623310000000000031e-01 1.629730000000000067e-01 9.453310000000000324e-01
-4.365299999999999736e-01 4.353020000000000223e-01 3.761849999999999916e-01 3.238989999999999925e-01 6.290149999999999908e-01
-4.617229999999999945e-01 3.302919999999999745e-01 3.522440000000000015e-01 2.091010000000000091e-01 6.673820000000000308e-01
-3.725049999999999750e-01 3.888730000000000242e-01 5.328690000000000371e-01 4.289229999999999987e-01 6.626220000000000443e-01
-3.878670000000000173e-01 5.433789999999999454e-01 2.727220000000000200e-01 3.211410000000000098e-01 8.600830000000000419e-01
-3.292050000000000254e-01 4.754849999999999910e-01 2.439459999999999962e-01 3.859609999999999985e-01 7.636560000000000015e-01
-3.618450000000000277e-01 4.556470000000000242e-01 3.762829999999999786e-01 2.439199999999999979e-01 6.649399999999999755e-01
-4.122689999999999966e-01 4.355709999999999860e-01 2.823720000000000119e-01 2.558329999999999771e-01 4.987440000000000206e-01
-4.401970000000000049e-01 5.479319999999999746e-01 2.136480000000000046e-01 2.742189999999999905e-01 7.574400000000000022e-01
-4.282949999999999813e-01 3.853619999999999823e-01 4.321180000000000021e-01 2.448690000000000033e-01 6.819859999999999811e-01
-4.481859999999999733e-01 4.891909999999999870e-01 3.850270000000000081e-01 2.746080000000000187e-01 7.021610000000000351e-01
-3.499030000000000196e-01 5.396980000000000111e-01 3.989960000000000173e-01 2.743490000000000095e-01 5.896719999999999740e-01
-4.559549999999999992e-01 4.623039999999999927e-01 3.896549999999999736e-01 2.353270000000000084e-01 6.644560000000000466e-01
-4.960570000000000257e-01 3.353880000000000194e-01 3.562589999999999923e-01 2.837680000000000202e-01 7.792249999999999455e-01
-2.476879999999999915e-01 4.340089999999999781e-01 4.357050000000000090e-01 1.705869999999999886e-01 6.089200000000000168e-01
-3.664000000000000035e-01 3.373829999999999885e-01 2.351860000000000062e-01 2.629199999999999871e-01 6.654390000000000027e-01
-2.370720000000000049e-01 3.867140000000000022e-01 4.420990000000000197e-01 1.476870000000000127e-01 6.023650000000000393e-01
-3.357990000000000141e-01 4.518010000000000081e-01 3.642679999999999807e-01 3.128230000000000177e-01 7.100980000000000070e-01
-3.525030000000000108e-01 5.393099999999999561e-01 4.793660000000000143e-01 4.076819999999999888e-01 7.131420000000000536e-01
-5.018259999999999943e-01 5.076270000000000504e-01 3.783150000000000124e-01 3.083049999999999957e-01 8.625570000000000181e-01
-3.880419999999999980e-01 4.135559999999999792e-01 3.375380000000000047e-01 2.001280000000000003e-01 8.131610000000000227e-01
-4.150329999999999853e-01 4.649719999999999964e-01 2.193309999999999982e-01 2.112449999999999883e-01 7.141979999999999995e-01
-4.230630000000000224e-01 3.986520000000000064e-01 3.789480000000000071e-01 2.640970000000000262e-01 5.990560000000000329e-01
-4.022530000000000272e-01 4.834590000000000276e-01 4.123499999999999943e-01 1.525920000000000054e-01 6.365410000000000235e-01
-4.787469999999999781e-01 5.502780000000000449e-01 2.746959999999999957e-01 2.714329999999999798e-01 7.345899999999999652e-01
-3.412390000000000145e-01 4.021230000000000082e-01 4.311309999999999865e-01 3.737509999999999999e-01 6.319900000000000517e-01
-3.230009999999999826e-01 5.619929999999999648e-01 3.861419999999999852e-01 3.626139999999999919e-01 5.689779999999999838e-01
-4.947889999999999788e-01 6.135350000000000525e-01 3.238579999999999792e-01 1.916440000000000088e-01 7.113209999999999811e-01
-4.613289999999999891e-01 4.086879999999999957e-01 4.621939999999999937e-01 3.502640000000000198e-01 8.017720000000000402e-01
-4.561859999999999804e-01 4.292540000000000244e-01 3.721869999999999901e-01 2.923339999999999828e-01 7.966069999999999540e-01
-4.813999999999999946e-01 4.928319999999999923e-01 5.032079999999999886e-01 4.312849999999999739e-01 6.838290000000000202e-01
-5.443989999999999663e-01 4.677319999999999811e-01 4.568059999999999898e-01 2.679230000000000222e-01 9.063390000000000057e-01
-2.598059999999999814e-01 5.179789999999999672e-01 4.667740000000000222e-01 2.506550000000000167e-01 6.697119999999999740e-01
-4.111600000000000255e-01 3.930810000000000137e-01 4.499319999999999986e-01 2.226400000000000046e-01 5.647900000000000142e-01
-3.057599999999999763e-01 4.882059999999999733e-01 3.933150000000000257e-01 3.846800000000000219e-01 6.186739999999999462e-01
-4.030690000000000106e-01 5.054450000000000331e-01 3.485719999999999930e-01 3.187269999999999825e-01 7.103880000000000194e-01
-3.257820000000000160e-01 6.773489999999999789e-01 3.598069999999999879e-01 3.055789999999999895e-01 7.663429999999999964e-01
-4.322150000000000158e-01 3.987200000000000188e-01 4.548490000000000033e-01 3.126820000000000155e-01 5.624320000000000430e-01
-3.756300000000000194e-01 4.236820000000000030e-01 5.437140000000000306e-01 1.519230000000000025e-01 6.206800000000000095e-01
-3.675999999999999823e-01 3.680800000000000183e-01 3.086599999999999899e-01 3.731720000000000037e-01 7.799369999999999914e-01
-5.342719999999999692e-01 4.528380000000000183e-01 4.192350000000000243e-01 4.389089999999999936e-01 8.159269999999999579e-01
-4.316309999999999869e-01 5.489899999999999780e-01 4.110119999999999885e-01 2.096109999999999918e-01 6.956520000000000481e-01
-4.378340000000000010e-01 4.114720000000000044e-01 2.685330000000000217e-01 2.787450000000000205e-01 7.291659999999999808e-01
-4.116850000000000231e-01 4.253040000000000154e-01 4.178430000000000200e-01 3.993539999999999868e-01 6.201740000000000030e-01
-4.029440000000000244e-01 5.881779999999999786e-01 4.027999999999999914e-01 2.010069999999999912e-01 7.555659999999999599e-01
-3.844020000000000215e-01 4.506839999999999735e-01 4.493820000000000037e-01 2.617829999999999879e-01 6.661019999999999719e-01
-3.738960000000000061e-01 4.954529999999999768e-01 4.810240000000000071e-01 2.078389999999999960e-01 7.404960000000000431e-01
-3.579220000000000179e-01 5.677830000000000377e-01 4.040500000000000203e-01 2.837430000000000230e-01 5.575369999999999493e-01
-3.710740000000000149e-01 5.592530000000000001e-01 4.590779999999999861e-01 4.681580000000000186e-01 6.643369999999999553e-01
-3.027679999999999816e-01 5.065950000000000175e-01 5.469720000000000137e-01 2.437159999999999882e-01 6.647239999999999815e-01
-4.352539999999999742e-01 4.610870000000000246e-01 2.507240000000000024e-01 2.537260000000000071e-01 5.750979999999999981e-01
-4.239220000000000210e-01 6.029109999999999747e-01 3.314329999999999776e-01 3.319179999999999908e-01 7.619129999999999514e-01
-4.913420000000000010e-01 2.848600000000000021e-01 5.704810000000000159e-01 3.301370000000000138e-01 9.479819999999999913e-01
-4.082839999999999803e-01 4.226380000000000137e-01 6.660469999999999446e-01 2.922080000000000233e-01 7.045390000000000263e-01
-3.800459999999999949e-01 4.808910000000000129e-01 5.704900000000000526e-01 2.625489999999999768e-01 6.051299999999999457e-01
-4.248919999999999919e-01 5.398039999999999505e-01 3.343160000000000021e-01 2.048339999999999883e-01 7.204540000000000388e-01
-3.805259999999999754e-01 5.436729999999999619e-01 4.746730000000000116e-01 2.713169999999999749e-01 6.145749999999999824e-01
-2.659989999999999855e-01 4.053860000000000241e-01 4.521410000000000151e-01 2.879570000000000185e-01 4.785710000000000242e-01
-3.043469999999999787e-01 4.523699999999999943e-01 3.992569999999999730e-01 3.378619999999999957e-01 7.205540000000000278e-01
-4.387769999999999726e-01 5.363560000000000549e-01 5.741669999999999829e-01 2.833660000000000068e-01 5.548610000000000486e-01
-3.810799999999999743e-01 4.889919999999999822e-01 4.825670000000000237e-01 4.365640000000000076e-01 7.268839999999999746e-01
-3.449229999999999796e-01 5.283740000000000103e-01 6.163410000000000277e-01 3.010240000000000138e-01 6.661650000000000071e-01
-2.898870000000000058e-01 5.028589999999999449e-01 4.239510000000000223e-01 2.742080000000000073e-01 6.277160000000000517e-01
-4.672819999999999752e-01 6.147059999999999746e-01 4.391959999999999753e-01 3.475590000000000068e-01 5.736980000000000413e-01
-4.120360000000000134e-01 5.015749999999999931e-01 4.033999999999999808e-01 2.464679999999999926e-01 8.568040000000000100e-01
-3.950370000000000270e-01 3.817639999999999922e-01 4.968009999999999926e-01 3.252849999999999908e-01 7.270499999999999741e-01
-4.220010000000000150e-01 4.306389999999999940e-01 4.729679999999999995e-01 1.764330000000000065e-01 7.417829999999999702e-01
-5.619060000000000166e-01 4.718300000000000272e-01 4.554889999999999772e-01 3.427399999999999891e-01 8.010979999999999768e-01
-4.665360000000000062e-01 5.177089999999999748e-01 3.761360000000000259e-01 3.854190000000000116e-01 6.862530000000000019e-01
-4.658840000000000203e-01 4.925539999999999918e-01 2.733389999999999986e-01 2.820199999999999929e-01 7.728359999999999674e-01
-3.827439999999999731e-01 4.893089999999999939e-01 3.683770000000000100e-01 4.289390000000000147e-01 7.919000000000000483e-01
-6.188869999999999649e-01 4.593019999999999881e-01 3.588729999999999976e-01 3.024970000000000159e-01 7.259130000000000305e-01
-4.339049999999999851e-01 4.779019999999999935e-01 5.502519999999999634e-01 3.871490000000000209e-01 6.772139999999999826e-01
-3.691659999999999942e-01 6.763930000000000220e-01 3.631650000000000156e-01 4.397490000000000010e-01 4.978139999999999787e-01
-4.240249999999999853e-01 3.965099999999999736e-01 4.047450000000000214e-01 3.448820000000000219e-01 7.139100000000000446e-01
-5.563559999999999617e-01 6.090769999999999795e-01 3.246740000000000181e-01 2.956659999999999844e-01 6.076709999999999612e-01
-3.858539999999999748e-01 3.841479999999999895e-01 3.803139999999999854e-01 2.763399999999999745e-01 6.516229999999999523e-01
-3.996399999999999952e-01 7.012549999999999617e-01 4.955970000000000097e-01 3.881729999999999903e-01 6.822380000000000111e-01
-2.576979999999999826e-01 5.709530000000000438e-01 5.644289999999999585e-01 3.088119999999999754e-01 3.826209999999999889e-01
-3.574979999999999825e-01 4.807460000000000067e-01 4.556120000000000170e-01 2.444520000000000026e-01 6.812550000000000550e-01
-5.699379999999999447e-01 3.421150000000000024e-01 4.329680000000000195e-01 3.099219999999999753e-01 8.588419999999999943e-01
-4.716350000000000264e-01 5.497809999999999642e-01 4.892549999999999955e-01 2.628650000000000153e-01 6.692599999999999660e-01
-3.572000000000000175e-01 6.423980000000000246e-01 5.674599999999999644e-01 1.637069999999999914e-01 5.585010000000000252e-01
-3.509410000000000029e-01 4.542499999999999871e-01 3.897920000000000273e-01 2.327309999999999934e-01 8.264139999999999819e-01
-4.519329999999999736e-01 4.177370000000000250e-01 2.916819999999999968e-01 3.250509999999999788e-01 6.244760000000000311e-01
-3.715439999999999854e-01 4.994430000000000258e-01 4.449930000000000274e-01 4.430939999999999879e-01 6.731470000000000509e-01
-5.550519999999999898e-01 4.382770000000000277e-01 6.070870000000000433e-01 2.766629999999999923e-01 8.320450000000000346e-01
-3.424860000000000126e-01 4.626040000000000152e-01 8.572800000000000420e-01 3.105080000000000062e-01 5.238220000000000098e-01
-6.372149999999999759e-01 2.749210000000000265e-01 3.242419999999999747e-01 2.590680000000000205e-01 8.388649999999999718e-01
-3.674220000000000264e-01 4.263890000000000180e-01 5.976550000000000473e-01 3.758779999999999899e-01 6.321940000000000337e-01
-5.163290000000000379e-01 3.661440000000000250e-01 5.753179999999999961e-01 3.925020000000000175e-01 8.657939999999999525e-01
-4.638390000000000013e-01 4.055799999999999961e-01 5.126570000000000293e-01 1.505289999999999961e-01 5.985120000000000440e-01
-5.967270000000000074e-01 3.974559999999999760e-01 4.524889999999999746e-01 3.755470000000000197e-01 7.012239999999999585e-01
-4.630429999999999824e-01 3.448820000000000219e-01 4.351619999999999933e-01 2.886719999999999842e-01 5.189139999999999864e-01
-1.976400000000000101e-01 5.579650000000000443e-01 6.120579999999999909e-01 3.512930000000000219e-01 4.661190000000000055e-01
-4.748009999999999731e-01 5.587299999999999489e-01 5.799950000000000383e-01 2.798610000000000264e-01 7.291670000000000096e-01
-5.739499999999999602e-01 4.774410000000000043e-01 3.698600000000000221e-01 2.575250000000000039e-01 8.428470000000000129e-01
-2.061590000000000089e-01 4.817620000000000235e-01 3.710049999999999737e-01 5.096739999999999604e-01 4.992240000000000011e-01
-2.598039999999999794e-01 6.231299999999999617e-01 8.003869999999999596e-01 1.868279999999999941e-01 4.263149999999999995e-01
-4.855229999999999824e-01 2.954849999999999977e-01 3.987749999999999906e-01 3.808469999999999911e-01 7.211330000000000240e-01
-3.620760000000000089e-01 3.165479999999999960e-01 5.586839999999999584e-01 3.680359999999999743e-01 6.208019999999999650e-01
-4.862850000000000228e-01 2.342059999999999975e-01 4.839729999999999865e-01 2.428420000000000023e-01 5.571819999999999551e-01
-3.008100000000000218e-01 4.156779999999999919e-01 4.790599999999999858e-01 4.499029999999999974e-01 6.862310000000000354e-01
-3.117530000000000023e-01 4.153680000000000150e-01 5.201069999999999860e-01 3.195439999999999947e-01 4.141270000000000229e-01
-3.076490000000000058e-01 3.756479999999999819e-01 7.484530000000000349e-01 3.380429999999999824e-01 6.431440000000000490e-01
-3.623620000000000174e-01 4.996510000000000118e-01 6.855219999999999647e-01 3.578459999999999974e-01 4.767210000000000059e-01
-3.763319999999999999e-01 5.862260000000000248e-01 3.899599999999999733e-01 3.906479999999999952e-01 6.690270000000000383e-01
-3.380420000000000091e-01 6.705379999999999674e-01 3.304210000000000202e-01 4.223879999999999857e-01 5.979689999999999728e-01
-3.442209999999999992e-01 4.210979999999999723e-01 6.866769999999999818e-01 3.618060000000000165e-01 5.844589999999999508e-01
-4.107270000000000088e-01 3.812349999999999905e-01 7.630489999999999773e-01 2.346880000000000077e-01 3.775839999999999752e-01
-4.722439999999999971e-01 6.788999999999999480e-01 9.269800000000000262e-01 2.117920000000000080e-01 3.174250000000000127e-01
-4.684059999999999890e-01 4.300840000000000218e-01 6.166500000000000314e-01 3.069709999999999939e-01 6.197390000000000398e-01
-2.004910000000000025e-01 5.811370000000000147e-01 7.309339999999999726e-01 3.901069999999999816e-01 3.884880000000000000e-01
-5.628549999999999942e-01 3.120390000000000108e-01 6.796440000000000259e-01 3.144069999999999920e-01 7.162399999999999878e-01
-3.333369999999999944e-01 4.238560000000000105e-01 6.028989999999999627e-01 3.770640000000000103e-01 5.235220000000000429e-01
-4.482749999999999790e-01 5.038489999999999913e-01 6.423699999999999966e-01 2.078649999999999942e-01 5.480279999999999596e-01
-6.467239999999999656e-01 2.847750000000000004e-01 5.338629999999999765e-01 2.022990000000000066e-01 7.697420000000000373e-01
-4.314490000000000269e-01 5.737119999999999997e-01 7.227430000000000243e-01 3.506710000000000105e-01 4.763990000000000169e-01
-4.970709999999999851e-01 3.940230000000000121e-01 8.198450000000000459e-01 2.065670000000000006e-01 5.133389999999999898e-01
-3.209119999999999751e-01 6.811279999999999557e-01 7.762250000000000538e-01 4.635870000000000268e-01 2.633489999999999998e-01
-2.246730000000000116e-01 5.081839999999999691e-01 6.423609999999999598e-01 3.459860000000000158e-01 5.401489999999999903e-01
-1.432900000000000007e-01 6.303419999999999579e-01 8.099509999999999765e-01 3.976850000000000107e-01 3.639990000000000170e-01
-2.300639999999999907e-01 6.151130000000000209e-01 6.122459999999999569e-01 4.565500000000000114e-01 4.954210000000000003e-01
-5.286969999999999725e-01 4.350849999999999995e-01 8.450579999999999758e-01 2.126099999999999934e-01 5.538020000000000165e-01
-4.713240000000000207e-01 5.341920000000000002e-01 7.821449999999999791e-01 2.241140000000000077e-01 6.381850000000000023e-01
-6.934649999999999981e-01 2.718820000000000126e-01 1.000529999999999919e+00 4.665690000000000115e-02 5.926719999999999766e-01
-1.161500000000000032e-01 6.109700000000000131e-01 9.629119999999999902e-01 3.367680000000000118e-01 1.087879999999999958e-01
-1.108300000000000063e+00 1.980280000000000096e-01 5.871880000000000432e-01 6.681339999999999502e-02 9.275520000000000431e-01
-1.196320000000000022e-01 9.198119999999999630e-01 4.300629999999999731e-01 6.245370000000000088e-01 2.853849999999999998e-01
-5.155950000000000255e-01 4.941659999999999942e-01 4.681489999999999818e-01 3.101389999999999980e-01 5.184839999999999449e-01
-7.346880000000000077e-01 4.045449999999999879e-01 8.000239999999999574e-01 -2.032439999999999941e-03 6.738060000000000160e-01
-4.802069999999999950e-01 5.518589999999999884e-01 6.114209999999999923e-01 2.475719999999999865e-01 6.187869999999999759e-01
-1.570169999999999899e-01 7.916039999999999743e-01 1.393680000000000030e+00 1.908620000000000039e-01 2.619609999999999994e-01
1.504500000000000004e-01 6.319669999999999455e-01 1.253249999999999975e+00 2.499679999999999958e-01 4.825309999999999877e-01
8.435439999999999605e-02 6.824639999999999596e-01 1.086659999999999959e+00 5.089380000000000015e-01 1.978850000000000053e-01
-3.300939999999999985e-01 4.566379999999999884e-01 1.854000000000000092e+00 5.512669999999999515e-01 -2.803930000000000033e-01
-7.127630000000000354e-01 4.721099999999999741e-01 9.635510000000000463e-01 1.003929999999999961e-01 5.453559999999999519e-01
-9.191859999999999475e-01 1.264510000000000078e-01 8.363120000000000553e-01 -9.037180000000000213e-02 9.285799999999999610e-01
-3.069870000000000099e-01 1.886279999999999901e-01 1.354899999999999993e+00 -3.979300000000000059e-01 1.100130000000000052e+00
1.876059999999999880e-02 9.296280000000000099e-01 8.760750000000000481e-01 7.842470000000000274e-01 -5.307139999999999774e-02
8.194510000000000335e-03 1.094729999999999981e+00 1.167140000000000066e+00 8.089690000000000492e-01 -4.954879999999999840e-01
-3.106169999999999765e-01 4.969470000000000276e-01 1.711459999999999981e+00 7.851010000000000488e-01 -4.329930000000000168e-01
-1.124779999999999891e+00 1.864939999999999931e-01 8.366630000000000456e-01 2.123349999999999890e-02 7.927840000000000442e-01
-1.159359999999999946e+00 2.159770000000000023e-01 1.065590000000000037e+00 -2.357420000000000071e-01 6.574379999999999669e-01
-1.916819999999999968e+00 7.894160000000000066e-01 7.713410000000000544e-01 2.413899999999999935e-01 -5.061430000000000096e-02
-4.041150000000000020e-01 4.635730000000000128e-01 1.863739999999999952e+00 5.085359999999999880e-01 -3.464619999999999922e-01
-1.306999999999999940e+00 -4.853190000000000004e-01 1.846279999999999921e+00 9.549210000000000198e-01 -2.083480000000000054e-02
-5.572610000000000063e-01 7.869049999999999656e-01 1.454129999999999923e+00 1.249370000000000092e+00 -8.302789999999999893e-01
