6.988959999999999617e-01 1.436429999999999929e-01 5.276520000000000099e-01 1.098120000000000068e-01 1.207310000000000050e-01
8.472730000000000539e-01 3.170379999999999865e-01 3.356140000000000234e-01 -6.706739999999999924e-02 1.074289999999999967e-01
7.757230000000000514e-01 1.426090000000000135e-01 3.213489999999999958e-01 1.441939999999999888e-01 1.715639999999999943e-01
9.159530000000000172e-01 6.120720000000000327e-02 2.913060000000000094e-01 9.433339999999999781e-02 2.343300000000000105e-01
8.156130000000000324e-01 1.874969999999999970e-01 3.006309999999999816e-01 1.778000000000000136e-01 1.502769999999999939e-01
6.826670000000000238e-01 1.934369999999999978e-01 2.910490000000000022e-01 1.192320000000000046e-01 2.054410000000000125e-01
8.295569999999999888e-01 2.660350000000000215e-01 3.979790000000000272e-01 1.088120000000000059e-01 1.250860000000000027e-01
9.371639999999999970e-01 1.730770000000000086e-01 2.091760000000000008e-01 9.737139999999999684e-02 1.013970000000000010e-01
8.167309999999999848e-01 2.435599999999999987e-01 2.598469999999999946e-01 1.165260000000000046e-01 1.057609999999999939e-01
6.312600000000000433e-01 2.643400000000000194e-01 2.809420000000000250e-01 1.434350000000000069e-01 1.155290000000000067e-01
6.640099999999999891e-01 2.738459999999999783e-01 3.909199999999999897e-01 1.029719999999999941e-01 -1.445160000000000021e-03
8.049079999999999568e-01 3.000329999999999941e-01 1.999380000000000046e-01 2.504599999999999882e-02 2.367900000000000005e-01
8.298349999999999893e-01 2.771719999999999740e-01 1.316390000000000060e-01 9.160409999999999386e-02 8.332649999999999779e-02
7.479810000000000070e-01 3.243759999999999977e-01 2.822609999999999841e-01 1.453639999999999932e-01 9.771580000000000543e-02
7.787380000000000413e-01 2.523219999999999907e-01 2.042549999999999921e-01 2.302740000000000065e-01 1.217779999999999974e-01
7.613349999999999840e-01 1.901619999999999977e-01 4.387099999999999889e-01 6.294719999999999482e-02 1.206279999999999991e-01
7.345399999999999707e-01 1.982430000000000025e-01 4.070179999999999909e-01 1.568360000000000032e-01 1.395210000000000061e-01
7.505420000000000424e-01 1.072449999999999931e-01 2.459510000000000030e-01 1.573019999999999974e-01 2.204569999999999863e-01
8.698550000000000448e-01 2.804650000000000198e-01 2.598940000000000139e-01 1.307899999999999896e-01 1.359080000000000010e-01
8.011730000000000240e-01 2.583489999999999953e-01 1.892220000000000013e-01 5.380490000000000272e-02 2.305470000000000019e-01
7.935200000000000031e-01 2.437159999999999882e-01 3.717530000000000001e-01 1.107810000000000045e-01 1.899000000000000132e-01
8.279220000000000468e-01 1.878579999999999972e-01 2.164600000000000135e-01 1.344120000000000037e-01 1.230229999999999935e-01
7.992789999999999617e-01 2.880039999999999822e-01 3.340460000000000096e-01 9.682979999999999365e-02 1.567989999999999939e-01
7.674490000000000478e-01 1.806149999999999978e-01 3.552830000000000155e-01 1.390500000000000069e-01 8.778900000000000592e-02
6.661209999999999631e-01 2.159629999999999883e-01 3.087239999999999984e-01 1.108550000000000030e-03 1.388790000000000024e-01
7.957359999999999989e-01 1.717309999999999948e-01 3.425250000000000239e-01 1.290930000000000133e-01 1.967710000000000015e-01
8.889369999999999772e-01 2.841400000000000037e-01 2.547130000000000227e-01 6.933739999999999869e-03 1.906499999999999861e-01
8.286130000000000440e-01 2.729110000000000147e-01 3.482480000000000020e-01 -2.374389999999999834e-02 1.504359999999999864e-01
6.630620000000000402e-01 3.116550000000000153e-01 2.485120000000000107e-01 5.179170000000000301e-02 2.164540000000000075e-01
7.076799999999999757e-01 1.621809999999999918e-01 4.964149999999999952e-01 1.392579999999999929e-01 5.698280000000000012e-02
7.942219999999999835e-01 1.734769999999999923e-01 3.116289999999999893e-01 1.081700000000000023e-01 1.007259999999999961e-01
9.123329999999999496e-01 3.255100000000000215e-01 1.617719999999999991e-01 2.477489999999999970e-01 1.092169999999999946e-01
8.302329999999999988e-01 2.337100000000000011e-01 4.450350000000000139e-01 1.429499999999999937e-01 5.491920000000000135e-02
7.970429999999999460e-01 2.504870000000000152e-01 3.489110000000000267e-01 1.627419999999999978e-01 3.502600000000000158e-02
7.410179999999999545e-01 1.951519999999999921e-01 3.529579999999999940e-01 7.506909999999999972e-02 3.491469999999999990e-02
9.946019999999999861e-01 2.299760000000000137e-01 3.190319999999999823e-01 1.639710000000000056e-01 1.277860000000000107e-01
6.694269999999999943e-01 1.584859999999999880e-01 4.248069999999999902e-01 1.506939999999999946e-01 1.080190000000000039e-01
7.815870000000000317e-01 1.942089999999999927e-01 2.611189999999999900e-01 1.155640000000000001e-01 1.062990000000000046e-01
8.460860000000000047e-01 1.889099999999999946e-01 2.715339999999999976e-01 1.102749999999999980e-01 2.079930000000000112e-01
9.429380000000000539e-01 3.191280000000000228e-01 2.858649999999999802e-01 9.260119999999999463e-02 1.913569999999999993e-01
6.811040000000000427e-01 2.580529999999999768e-01 3.669069999999999832e-01 1.052830000000000016e-01 1.629970000000000030e-01
6.996930000000000094e-01 1.998139999999999916e-01 3.804359999999999964e-01 4.925320000000000392e-03 1.472940000000000083e-01
7.185399999999999565e-01 1.351199999999999901e-01 1.386600000000000055e-01 1.782600000000000018e-01 2.066439999999999944e-01
9.525649999999999951e-01 2.558679999999999843e-01 5.536989999999999967e-02 1.493879999999999930e-01 5.651910000000000267e-02
9.295130000000000337e-01 3.414949999999999930e-01 1.748589999999999867e-01 1.119959999999999983e-01 1.170500000000000013e-01
7.787830000000000030e-01 3.228480000000000238e-01 2.680509999999999837e-01 1.622460000000000013e-01 1.264220000000000066e-01
8.816629999999999745e-01 3.513640000000000096e-01 2.644630000000000036e-01 1.579859999999999876e-01 6.424370000000000080e-02
8.426839999999999886e-01 2.990160000000000040e-01 1.846170000000000033e-01 8.758459999999999857e-02 2.289090000000000014e-01
9.864709999999999868e-01 3.215879999999999850e-01 1.583229999999999915e-01 1.976880000000000026e-01 1.944919999999999982e-01
9.881729999999999681e-01 3.265830000000000122e-01 3.255370000000000208e-01 7.108140000000000291e-02 1.727789999999999881e-01
7.591550000000000242e-01 2.390760000000000107e-01 4.126670000000000060e-01 1.486069999999999891e-01 1.452189999999999870e-01
9.581600000000000117e-01 3.217490000000000072e-01 2.788450000000000095e-01 9.469850000000000489e-02 1.463550000000000129e-01
8.435409999999999853e-01 3.825850000000000084e-01 1.417499999999999871e-01 -4.459379999999999768e-03 1.399219999999999908e-01
7.630869999999999598e-01 2.963379999999999903e-01 3.365960000000000063e-01 1.670389999999999930e-01 1.419719999999999871e-01
8.566439999999999610e-01 2.278600000000000070e-01 3.961640000000000161e-01 1.554979999999999973e-01 7.772840000000000305e-02
7.255939999999999612e-01 3.442020000000000080e-01 2.919700000000000073e-01 6.816000000000000010e-03 1.410970000000000002e-01
7.400919999999999721e-01 3.140169999999999906e-01 4.275209999999999844e-01 6.786090000000000177e-02 1.935510000000000008e-01
9.285320000000000240e-01 1.981150000000000133e-01 4.359669999999999934e-01 1.295189999999999952e-01 9.515450000000000297e-02
8.406959999999999988e-01 2.375049999999999939e-01 2.764909999999999868e-01 6.945880000000000110e-02 1.622149999999999981e-01
8.707420000000000160e-01 2.419810000000000016e-01 2.039900000000000047e-01 2.438460000000000072e-01 2.244790000000000119e-01
9.811349999999999794e-01 2.680520000000000125e-01 3.560940000000000216e-01 -1.166230000000000044e-02 9.428930000000000644e-02
8.901710000000000456e-01 1.742670000000000052e-01 2.219019999999999881e-01 1.605219999999999980e-01 4.708040000000000141e-02
7.859209999999999807e-01 4.179410000000000069e-01 2.541050000000000253e-01 2.765439999999999912e-02 -2.948220000000000007e-02
7.607650000000000245e-01 2.357680000000000053e-01 3.298840000000000106e-01 2.236880000000000118e-02 1.016289999999999971e-01
7.980570000000000164e-01 2.632749999999999813e-01 3.008399999999999963e-01 1.360899999999999888e-01 1.650939999999999908e-01
7.654699999999999838e-01 2.549020000000000175e-01 3.437410000000000188e-01 9.177899999999999947e-02 1.894649999999999945e-01
9.194630000000000303e-01 2.130440000000000111e-01 2.324910000000000032e-01 1.183799999999999991e-01 3.411000000000000143e-02
7.350349999999999939e-01 2.429659999999999875e-01 4.135099999999999887e-01 -8.718480000000000674e-02 3.735530000000000100e-02
8.010439999999999783e-01 2.608449999999999935e-01 2.402410000000000101e-01 5.967660000000000325e-02 1.791439999999999977e-01
6.968779999999999974e-01 1.707930000000000004e-01 4.405419999999999892e-01 4.968909999999999993e-02 1.515060000000000018e-01
7.836899999999999977e-01 2.491530000000000133e-01 1.978860000000000063e-01 5.689580000000000332e-02 2.450350000000000028e-01
6.551029999999999909e-01 3.129990000000000272e-01 2.400029999999999941e-01 8.716240000000000099e-02 1.070289999999999991e-01
8.641550000000000065e-01 3.327899999999999747e-01 2.801629999999999954e-01 1.795849999999999946e-01 2.289990000000000081e-01
7.173850000000000504e-01 1.765299999999999925e-01 5.161689999999999889e-01 7.393659999999999816e-03 1.117889999999999995e-01
7.891599999999999726e-01 2.022930000000000006e-01 4.658809999999999896e-01 9.959880000000000122e-02 1.332260000000000111e-01
1.042079999999999895e+00 2.712459999999999871e-01 2.171520000000000117e-01 1.328129999999999866e-01 1.682379999999999987e-01
7.703179999999999472e-01 2.934910000000000019e-01 3.289989999999999859e-01 9.801350000000000340e-02 7.827330000000000398e-02
7.628770000000000273e-01 2.158770000000000133e-01 4.279819999999999736e-01 1.695059999999999900e-01 1.552439999999999931e-01
9.258520000000000083e-01 2.581740000000000146e-01 3.850040000000000129e-01 1.833599999999999952e-01 2.302929999999999977e-01
9.248070000000000457e-01 3.687340000000000062e-01 1.835380000000000067e-01 2.152360000000000037e-02 7.972160000000000357e-02
7.434690000000000465e-01 2.973020000000000107e-01 1.355830000000000091e-01 2.198160000000000044e-02 7.008749999999999702e-02
9.347440000000000193e-01 3.180740000000000234e-01 3.223300000000000054e-01 1.082779999999999992e-01 6.126299999999999801e-02
8.537209999999999521e-01 3.086470000000000047e-01 3.178239999999999954e-01 2.063069999999999904e-01 1.020950000000000052e-01
9.173660000000000148e-01 2.775320000000000009e-01 2.645689999999999986e-01 2.244460000000000066e-01 2.638179999999999970e-01
8.356280000000000374e-01 2.258340000000000070e-01 2.995399999999999729e-01 1.835110000000000074e-01 1.689950000000000063e-01
6.933690000000000131e-01 2.885699999999999932e-01 3.601960000000000162e-01 8.703160000000000063e-02 2.257979999999999987e-01
8.091469999999999496e-01 2.938859999999999806e-01 3.608419999999999961e-01 1.588029999999999997e-01 1.452120000000000077e-01
9.836719999999999908e-01 4.572269999999999945e-01 2.745349999999999735e-01 1.158909999999999940e-01 1.548430000000000084e-01
8.981770000000000032e-01 2.820349999999999802e-01 2.603440000000000198e-01 5.117270000000000152e-02 1.088409999999999933e-01
8.277409999999999490e-01 1.580840000000000023e-01 3.445650000000000102e-01 1.067609999999999948e-01 9.062950000000000172e-02
7.534570000000000434e-01 3.394579999999999820e-01 1.731240000000000001e-01 9.753169999999999895e-02 1.440800000000000136e-01
8.652140000000000386e-01 3.792460000000000275e-01 3.108079999999999732e-01 4.976490000000000080e-02 1.653979999999999895e-01
9.028779999999999584e-01 2.677249999999999908e-01 3.380299999999999971e-01 8.977880000000000582e-02 1.708040000000000114e-01
8.813710000000000155e-01 2.824309999999999876e-01 3.245669999999999944e-01 1.293090000000000073e-01 3.168190000000000173e-01
9.389189999999999481e-01 1.469409999999999883e-01 1.877939999999999887e-01 1.766550000000000065e-01 2.009710000000000107e-01
8.721879999999999633e-01 3.380909999999999749e-01 4.558150000000000257e-01 3.883020000000000221e-02 1.612220000000000042e-01
7.755360000000000031e-01 2.591300000000000270e-01 4.028840000000000199e-01 2.112700000000000133e-01 2.606490000000000196e-01
8.437339999999999840e-01 3.161200000000000121e-01 2.375180000000000069e-01 2.456540000000000112e-01 1.632790000000000075e-01
9.977549999999999475e-01 4.220249999999999835e-01 4.070880000000000054e-01 1.126769999999999994e-01 7.605810000000000348e-02
7.993500000000000050e-01 2.737290000000000001e-01 5.122060000000000501e-01 -4.650610000000000160e-02 1.797430000000000139e-01
7.824219999999999509e-01 1.965189999999999992e-01 3.732889999999999819e-01 5.172430000000000083e-02 1.109089999999999937e-01
9.152069999999999927e-01 2.267210000000000059e-01 2.471409999999999996e-01 1.594370000000000162e-02 1.569869999999999877e-01
9.492350000000000509e-01 1.977720000000000034e-01 3.358410000000000006e-01 6.747720000000000107e-02 2.322899999999999965e-01
9.246609999999999552e-01 3.052440000000000153e-01 3.001550000000000051e-01 1.675979999999999970e-01 5.172199999999999714e-02
8.839169999999999527e-01 2.914939999999999753e-01 3.337490000000000179e-01 1.382510000000000128e-01 2.004479999999999873e-01
8.649900000000000366e-01 2.582010000000000138e-01 3.804870000000000196e-01 1.062700000000000033e-01 1.302190000000000014e-01
8.099859999999999838e-01 2.848609999999999753e-01 3.052770000000000206e-01 1.351719999999999866e-01 1.369849999999999957e-01
8.595159999999999467e-01 2.554799999999999849e-01 1.765869999999999940e-01 7.137630000000000363e-02 6.488389999999999436e-02
7.867060000000000164e-01 2.099669999999999870e-01 4.709709999999999730e-01 -1.328569999999999925e-02 1.801709999999999978e-01
9.260439999999999783e-01 2.187439999999999940e-01 2.602269999999999861e-01 8.088729999999999531e-02 8.579970000000000652e-02
1.054149999999999920e+00 2.251710000000000100e-01 8.019729999999999914e-02 1.581029999999999935e-01 1.631749999999999867e-01
8.390349999999999753e-01 1.513829999999999898e-01 3.013609999999999900e-01 7.706759999999999999e-02 1.348820000000000019e-01
8.262260000000000160e-01 2.472930000000000128e-01 3.141749999999999821e-01 2.414859999999999923e-02 1.725230000000000097e-01
9.156689999999999552e-01 3.838250000000000273e-01 3.808039999999999758e-01 8.797420000000000240e-02 8.496529999999999361e-02
6.112790000000000168e-01 2.276559999999999973e-01 5.239540000000000308e-01 4.960250000000000076e-02 2.421460000000000001e-01
1.023060000000000080e+00 3.835799999999999765e-01 3.726860000000000173e-01 7.035360000000000225e-02 1.544490000000000030e-01
8.891740000000000199e-01 3.091490000000000071e-01 4.080010000000000026e-01 1.615439999999999932e-01 1.809270000000000045e-01
8.574190000000000422e-01 2.869099999999999984e-01 4.561999999999999944e-01 1.184219999999999995e-01 1.424310000000000020e-01
9.050399999999999556e-01 1.625060000000000116e-01 2.886400000000000077e-01 1.782670000000000088e-01 1.888730000000000131e-01
9.357250000000000290e-01 2.543819999999999970e-01 3.976529999999999787e-01 1.957470000000000043e-01 1.473869999999999902e-01
8.828249999999999709e-01 3.661650000000000182e-01 3.354409999999999892e-01 6.778620000000000478e-02 1.268330000000000013e-01
8.472030000000000394e-01 3.010039999999999938e-01 4.027310000000000056e-01 -1.979020000000000085e-02 -4.102830000000000019e-03
9.311979999999999702e-01 4.001230000000000064e-01 2.843879999999999741e-01 7.711079999999999324e-02 1.254800000000000082e-01
8.731860000000000177e-01 2.970099999999999962e-01 2.081669999999999909e-01 1.063640000000000002e-01 2.128979999999999935e-03
8.317440000000000389e-01 1.779620000000000091e-01 3.844509999999999872e-01 5.072369999999999657e-02 1.374360000000000026e-01
8.011350000000000415e-01 3.258739999999999970e-01 4.547629999999999728e-01 1.051010000000000000e-01 1.739100000000000090e-01
7.485239999999999672e-01 3.553819999999999757e-01 5.299049999999999594e-01 7.667450000000000654e-02 2.397950000000000081e-02
8.117459999999999676e-01 2.394519999999999982e-01 3.872769999999999824e-01 9.442290000000000405e-02 2.002760000000000096e-01
8.983280000000000154e-01 3.120999999999999885e-01 3.897930000000000006e-01 7.180620000000000058e-02 4.561239999999999739e-02
9.319309999999999539e-01 2.799550000000000094e-01 3.190890000000000115e-01 6.049839999999999905e-03 1.536990000000000058e-02
8.761390000000000011e-01 3.299190000000000178e-01 4.368000000000000216e-01 8.611870000000000636e-02 4.766050000000000147e-02
8.049159999999999648e-01 1.789600000000000080e-01 2.181480000000000086e-01 2.355150000000000021e-01 2.915619999999999878e-01
9.133240000000000247e-01 3.653580000000000161e-01 2.000969999999999971e-01 1.144820000000000004e-01 2.116850000000000120e-01
9.259709999999999885e-01 3.001269999999999771e-01 2.571990000000000109e-01 3.081650000000000014e-03 1.039690000000000059e-01
9.066490000000000382e-01 3.347249999999999948e-01 4.699300000000000144e-01 -6.661449999999999316e-02 -2.122639999999999944e-02
9.564420000000000144e-01 3.995139999999999803e-01 3.766999999999999793e-01 1.391979999999999884e-01 2.023260000000000058e-01
8.590060000000000473e-01 3.294300000000000006e-01 5.492780000000000440e-01 2.797589999999999799e-01 2.258020000000000027e-01
9.158220000000000249e-01 2.461069999999999924e-01 5.289669999999999650e-01 1.774290000000000034e-01 1.266879999999999951e-01
9.000110000000000054e-01 2.987940000000000040e-01 1.933219999999999938e-01 -2.422130000000000203e-03 1.376179999999999903e-01
8.695110000000000339e-01 3.209910000000000263e-01 2.389580000000000037e-01 -3.678730000000000194e-02 1.790960000000000052e-01
8.023240000000000371e-01 2.286990000000000134e-01 4.286960000000000215e-01 8.250709999999999988e-02 1.711350000000000093e-01
8.644049999999999789e-01 3.622400000000000064e-01 3.583899999999999864e-01 1.082919999999999994e-01 1.376139999999999863e-01
1.055560000000000054e+00 2.360899999999999943e-01 1.715619999999999923e-01 6.355020000000000113e-02 1.292709999999999970e-01
8.642710000000000115e-01 2.754889999999999839e-01 3.545440000000000258e-01 1.209510000000000030e-01 1.569840000000000124e-01
1.088500000000000023e+00 4.336709999999999732e-01 3.532750000000000057e-01 6.597659999999999636e-02 6.552130000000000454e-02
9.996390000000000553e-01 2.692640000000000033e-01 2.471859999999999891e-01 1.780980000000000063e-02 1.173960000000000004e-01
9.033309999999999951e-01 3.175169999999999937e-01 3.871089999999999809e-01 2.615469999999999740e-01 3.518899999999999806e-02
9.716430000000000344e-01 3.178400000000000114e-01 4.286460000000000270e-01 1.913940000000000086e-01 6.754050000000000331e-02
8.255710000000000548e-01 3.389340000000000130e-01 2.373560000000000114e-01 2.595799999999999844e-02 1.206340000000000051e-01
8.213909999999999823e-01 2.198289999999999966e-01 5.958400000000000363e-01 1.651289999999999919e-03 1.624529999999999863e-01
7.833280000000000243e-01 1.941869999999999985e-01 3.773799999999999932e-01 -1.632420000000000052e-02 1.727190000000000114e-01
8.933010000000000117e-01 3.579649999999999777e-01 4.124360000000000248e-01 -6.322160000000000279e-02 6.319990000000000330e-02
9.248849999999999572e-01 2.390460000000000085e-01 3.549829999999999930e-01 1.520330000000000015e-01 1.782489999999999908e-01
1.175689999999999902e+00 3.128889999999999727e-01 1.646390000000000076e-01 2.076419999999999932e-01 7.363669999999999938e-02
9.693640000000000034e-01 1.948999999999999899e-01 2.405380000000000018e-01 1.706709999999999894e-01 2.684099999999999819e-01
1.023500000000000076e+00 3.218039999999999790e-01 2.189149999999999985e-01 1.531230000000000091e-01 1.499570000000000070e-01
8.592739999999999823e-01 2.168829999999999925e-01 4.476060000000000039e-01 1.422360000000000013e-01 1.147060000000000024e-01
1.030450000000000088e+00 2.997440000000000104e-01 4.020889999999999742e-01 6.549330000000000429e-02 6.987509999999999555e-02
9.427699999999999969e-01 3.527689999999999992e-01 3.155970000000000164e-01 1.640520000000000034e-01 1.205159999999999981e-01
8.896830000000000016e-01 3.247369999999999979e-01 2.418929999999999969e-01 6.017580000000000151e-02 2.523529999999999940e-01
8.500780000000000003e-01 2.547479999999999745e-01 3.130680000000000129e-01 1.131299999999999945e-01 1.959230000000000138e-01
9.227539999999999631e-01 3.032679999999999820e-01 3.765800000000000258e-01 -3.498370000000000212e-03 7.032670000000000587e-02
9.125240000000000018e-01 2.326719999999999899e-01 2.242460000000000009e-01 1.842139999999999889e-01 1.316199999999999870e-01
9.420199999999999685e-01 3.629140000000000144e-01 1.788929999999999965e-01 9.955229999999999635e-02 1.907679999999999931e-01
8.472049999999999859e-01 4.243620000000000170e-01 4.249720000000000164e-01 5.569389999999999757e-02 5.818569999999999992e-02
8.469339999999999646e-01 2.818930000000000047e-01 2.051149999999999918e-01 1.424229999999999940e-01 2.037680000000000047e-01
9.329760000000000275e-01 3.659959999999999880e-01 3.765169999999999906e-01 -6.944320000000000354e-03 1.480660000000000032e-01
8.866460000000000452e-01 1.148259999999999975e-01 3.598600000000000132e-01 3.270989999999999731e-01 1.802570000000000006e-01
9.927780000000000493e-01 3.685109999999999775e-01 4.321450000000000014e-01 1.241249999999999992e-01 7.330340000000000467e-02
8.875939999999999941e-01 2.561849999999999961e-01 5.536210000000000298e-01 6.721290000000000597e-02 1.966610000000000025e-01
8.707129999999999592e-01 1.961670000000000080e-01 8.712580000000000324e-02 1.607719999999999982e-01 1.826250000000000095e-01
8.023900000000000476e-01 2.604580000000000228e-01 4.582240000000000202e-01 1.042619999999999936e-01 1.225620000000000043e-01
8.507069999999999910e-01 3.091300000000000159e-01 2.609480000000000133e-01 1.642430000000000001e-01 1.959819999999999895e-01
9.097910000000000164e-01 4.028519999999999879e-01 4.903129999999999988e-01 6.392730000000000634e-02 -2.421979999999999966e-02
1.009379999999999944e+00 2.914740000000000109e-01 3.285620000000000207e-01 1.145229999999999998e-01 1.935089999999999866e-01
8.298640000000000461e-01 3.027739999999999876e-01 4.099209999999999798e-01 1.155019999999999936e-01 3.244049999999999712e-02
9.862640000000000295e-01 3.490380000000000149e-01 1.514850000000000085e-01 5.392990000000000284e-02 -9.849409999999999415e-03
8.755730000000000457e-01 2.874840000000000173e-01 4.247929999999999762e-01 1.193940000000000001e-01 2.020710000000000006e-01
8.862339999999999662e-01 2.782700000000000173e-01 5.015800000000000258e-01 -3.685299999999999687e-02 4.999060000000000309e-02
7.528939999999999522e-01 2.674880000000000035e-01 4.753580000000000028e-01 1.026460000000000011e-01 1.535160000000000136e-01
8.524100000000000010e-01 1.817979999999999874e-01 5.347049999999999859e-01 1.341870000000000007e-01 1.584389999999999965e-01
9.181970000000000409e-01 3.184060000000000223e-01 4.056969999999999743e-01 -9.037430000000000463e-02 -8.632169999999999774e-03
9.492129999999999734e-01 3.310420000000000029e-01 2.976199999999999957e-01 1.723030000000000117e-01 2.277059999999999917e-01
1.005929999999999991e+00 3.254400000000000071e-01 4.378159999999999830e-01 2.201089999999999991e-02 1.125049999999999939e-01
9.263270000000000115e-01 4.007049999999999779e-01 3.156829999999999914e-01 -9.441629999999999467e-02 4.038549999999999779e-02
7.925250000000000350e-01 3.169660000000000255e-01 3.791800000000000170e-01 -3.865439999999999848e-02 7.367139999999999800e-02
8.937150000000000372e-01 9.736949999999999772e-02 5.110149999999999970e-01 2.043699999999999961e-01 2.514390000000000236e-01
9.315499999999999892e-01 4.196829999999999727e-01 6.122530000000000472e-01 3.617850000000000232e-02 -1.589109999999999828e-02
8.239250000000000185e-01 3.047889999999999766e-01 4.089740000000000042e-01 1.293390000000000095e-01 7.200929999999999831e-02
7.740059999999999718e-01 3.469679999999999986e-01 5.429669999999999774e-01 1.753669999999999882e-02 1.414219999999999922e-01
1.012510000000000021e+00 4.565560000000000174e-01 3.879710000000000103e-01 -2.187379999999999880e-02 6.980229999999999768e-02
8.839500000000000135e-01 2.719630000000000103e-01 4.683579999999999965e-01 5.311079999999999968e-02 1.993900000000000117e-01
1.039760000000000018e+00 3.137889999999999846e-01 5.489249999999999963e-01 2.903330000000000147e-02 7.427799999999999681e-02
8.147659999999999902e-01 3.366919999999999913e-01 4.282009999999999983e-01 7.490900000000000336e-02 1.281980000000000064e-01
9.964819999999999789e-01 3.422080000000000122e-01 5.335440000000000182e-01 1.586120000000000030e-01 1.421179999999999943e-01
8.756890000000000507e-01 3.154310000000000169e-01 4.793419999999999903e-01 8.510080000000000422e-02 7.457529999999999715e-02
7.448329999999999673e-01 2.352390000000000037e-01 3.162989999999999968e-01 5.979070000000000391e-03 -3.752849999999999849e-03
9.841640000000000388e-01 3.110450000000000159e-01 4.061370000000000258e-01 1.906509999999999871e-01 2.324199999999999877e-01
8.527299999999999880e-01 2.786279999999999868e-01 5.494850000000000012e-01 9.271999999999999686e-02 1.222049999999999942e-01
9.172949999999999715e-01 3.210540000000000060e-01 5.098200000000000509e-01 5.762140000000000317e-02 1.616900000000000004e-01
8.076360000000000205e-01 2.342609999999999970e-01 7.290659999999999918e-01 2.647769999999999846e-01 1.500879999999999992e-01
9.933830000000000160e-01 3.125820000000000265e-01 3.280299999999999883e-01 -4.404439999999999744e-02 1.522179999999999922e-01
7.724609999999999532e-01 3.329190000000000205e-01 2.973700000000000232e-01 3.272980000000000333e-02 1.803889999999999938e-01
9.558269999999999822e-01 4.650099999999999789e-01 2.137989999999999891e-01 9.656339999999999368e-02 3.823340000000000072e-02
8.459980000000000278e-01 3.042190000000000172e-01 4.963179999999999814e-01 1.162080000000000057e-01 2.538980000000000126e-01
9.578989999999999450e-01 4.573079999999999923e-01 4.896880000000000122e-01 -6.217559999999999754e-02 1.489229999999999998e-01
9.249659999999999549e-01 3.827849999999999864e-01 4.708040000000000003e-01 1.932339999999999891e-01 1.813410000000000022e-01
8.586080000000000378e-01 1.569889999999999897e-01 4.484139999999999793e-01 2.220419999999999894e-01 1.190579999999999972e-01
1.018229999999999968e+00 2.878029999999999755e-01 5.445889999999999898e-01 7.673950000000000216e-02 7.383660000000000223e-02
9.155400000000000205e-01 1.575759999999999939e-01 3.496389999999999776e-01 9.310759999999999870e-02 2.810199999999999920e-01
8.229070000000000551e-01 4.496040000000000036e-01 6.689169999999999838e-01 -5.534039999999999793e-02 -1.673030000000000073e-01
1.051029999999999909e+00 3.671650000000000191e-01 3.802630000000000177e-01 -3.428780000000000022e-02 2.612429999999999961e-02
1.033109999999999973e+00 3.343519999999999825e-01 7.852190000000000558e-02 7.972509999999999319e-02 2.119040000000000090e-01
1.056740000000000013e+00 4.657310000000000061e-01 -1.676899999999999918e-02 -1.161259999999999931e-01 1.359799999999999898e-01
8.777700000000000502e-01 5.267150000000000443e-01 6.975630000000000441e-01 1.155519999999999985e-02 -8.282920000000000560e-02
7.872730000000000006e-01 2.190499999999999947e-01 5.453449999999999687e-01 2.304499999999999882e-01 1.978300000000000058e-01
9.930109999999999770e-01 3.739410000000000234e-01 2.760839999999999961e-01 1.773029999999999884e-01 2.733610000000000206e-01
9.502699999999999481e-01 1.880509999999999959e-01 4.003019999999999912e-01 2.907689999999999997e-01 3.241559999999999997e-01
1.061360000000000081e+00 3.023469999999999769e-01 3.761900000000000244e-01 -4.072239999999999888e-02 2.282919999999999949e-01
1.001149999999999984e+00 1.996560000000000001e-01 5.830710000000000059e-01 1.201580000000000009e-02 2.162309999999999927e-02
8.627519999999999634e-01 3.704939999999999900e-01 4.909879999999999800e-01 1.075419999999999987e-01 7.689840000000000564e-02
8.852670000000000261e-01 3.100479999999999903e-01 3.500409999999999910e-01 9.340429999999999566e-02 5.994039999999999785e-02
8.148119999999999807e-01 2.834209999999999785e-01 1.064470000000000027e+00 1.735140000000000016e-01 1.129650000000000055e-03
8.024559999999999471e-01 2.853609999999999758e-01 6.137270000000000225e-01 3.430649999999999672e-02 1.682480000000000087e-01
9.826240000000000530e-01 5.237559999999999993e-01 3.065149999999999819e-01 -3.865480000000000305e-02 1.613580000000000014e-01
1.056280000000000108e+00 4.010889999999999733e-01 1.709420000000000106e-01 1.003460000000000046e-01 6.807549999999999886e-03
1.010890000000000066e+00 2.569350000000000245e-01 4.667180000000000217e-01 1.281789999999999874e-01 1.734729999999999953e-02
8.878650000000000153e-01 3.468720000000000137e-01 3.685359999999999747e-01 -8.716790000000000649e-02 1.444779999999999953e-01
8.522530000000000383e-01 2.211629999999999985e-01 3.603459999999999996e-01 4.792359999999999676e-02 1.469779999999999975e-01
8.094900000000000428e-01 3.986160000000000259e-01 8.059749999999999970e-01 1.041620000000000046e-02 3.327730000000000271e-02
1.003349999999999964e+00 2.296060000000000045e-01 5.548359999999999959e-01 1.012180000000000024e-01 1.162460000000000021e-01
8.578599999999999559e-01 3.386230000000000073e-01 7.147219999999999684e-01 3.953890000000000182e-02 4.185200000000000031e-02
7.915109999999999646e-01 2.153809999999999891e-01 5.876409999999999689e-01 6.860990000000000144e-02 2.137000000000000011e-01
8.042219999999999924e-01 3.042619999999999769e-01 6.936020000000000518e-01 2.247640000000000055e-02 1.618050000000000044e-01
1.015910000000000091e+00 5.646499999999999853e-01 4.357619999999999827e-01 -8.065020000000000522e-02 -6.039839999999999792e-02
1.022710000000000008e+00 4.816090000000000093e-01 4.647740000000000204e-01 -2.061219999999999997e-01 -5.370559999999999917e-02
8.547909999999999675e-01 3.232889999999999930e-01 6.516180000000000305e-01 -3.288420000000000232e-02 1.642740000000000034e-01
9.831339999999999524e-01 4.126889999999999725e-01 4.413579999999999726e-01 6.364179999999999837e-02 7.089800000000000268e-02
8.929660000000000375e-01 3.914949999999999819e-01 4.087230000000000030e-01 1.471770000000000023e-01 1.557929999999999870e-01
9.661880000000000468e-01 2.162080000000000113e-01 8.596989999999999910e-01 1.663100000000000134e-01 -1.953409999999999869e-02
9.768540000000000001e-01 5.049200000000000355e-01 2.636850000000000027e-01 -4.833609999999999990e-02 2.040929999999999966e-01
9.978900000000000547e-01 4.137709999999999999e-01 6.628370000000000095e-01 -2.608150000000000052e-02 4.982530000000000292e-02
7.766610000000000458e-01 3.117710000000000203e-01 6.943840000000000012e-01 5.367100000000000343e-02 2.618770000000000264e-01
9.962649999999999562e-01 3.966580000000000106e-01 5.747619999999999951e-01 -1.459009999999999994e-02 1.113150000000000034e-03
9.187790000000000123e-01 2.262689999999999979e-01 4.525210000000000066e-01 2.784239999999999979e-02 1.761739999999999973e-01
9.597299999999999720e-01 2.612140000000000017e-01 5.779910000000000325e-01 6.981729999999999881e-02 1.244100000000000067e-01
9.235280000000000156e-01 4.141610000000000014e-01 7.223559999999999981e-01 -7.642640000000000544e-02 -3.240889999999999743e-02
9.498680000000000456e-01 1.352180000000000049e-01 3.346180000000000265e-01 3.027670000000000083e-01 2.138889999999999958e-01
8.935269999999999602e-01 1.931190000000000129e-01 1.614299999999999902e-01 2.362229999999999885e-01 2.776419999999999999e-01
9.142010000000000414e-01 3.721999999999999753e-01 7.542710000000000248e-01 -5.484569999999999723e-02 -1.064940000000000053e-01
9.076910000000000256e-01 3.473209999999999908e-01 5.335710000000000175e-01 9.967099999999999571e-02 6.045539999999999942e-02
9.249450000000000172e-01 4.625610000000000138e-02 6.091220000000000523e-01 1.268400000000000083e-01 2.258699999999999875e-01
8.342709999999999848e-01 3.932880000000000265e-01 8.771759999999999557e-01 -2.188499999999999890e-01 3.273249999999999771e-02
7.990709999999999757e-01 4.099019999999999886e-01 3.480889999999999818e-01 5.507959999999999939e-02 1.545719999999999872e-01
7.607040000000000468e-01 3.990949999999999775e-01 6.924050000000000482e-01 4.081980000000000330e-02 1.647430000000000005e-01
9.926070000000000171e-01 2.303040000000000087e-01 5.032539999999999791e-01 -1.720290000000000014e-02 2.406480000000000008e-01
9.928890000000000216e-01 1.766629999999999867e-01 2.554330000000000211e-01 1.683900000000000119e-01 2.947239999999999860e-01
8.267539999999999889e-01 4.497180000000000066e-01 6.051389999999999825e-01 -1.133709999999999996e-01 -7.751099999999999657e-02
9.597290000000000543e-01 4.511490000000000222e-01 5.640030000000000321e-01 -1.715889999999999915e-01 -7.984109999999999818e-02
7.524380000000000512e-01 2.129719999999999946e-01 8.544209999999999861e-01 1.526550000000000129e-01 1.234129999999999949e-01
1.000839999999999952e+00 6.983549999999999480e-01 3.689790000000000014e-01 -2.810320000000000040e-01 -1.964629999999999987e-01
8.794980000000000020e-01 4.429119999999999724e-01 6.722350000000000270e-01 -8.930849999999999900e-02 1.529179999999999949e-02
8.371300000000000407e-01 6.489939999999999598e-01 7.913580000000000059e-01 -2.641470000000000207e-01 -2.672479999999999856e-01
7.813999999999999835e-01 2.374010000000000009e-01 1.399100000000000010e+00 1.994569999999999954e-01 8.889890000000000292e-02
7.872759999999999758e-01 5.254630000000000134e-01 9.250140000000000029e-01 -1.916589999999999960e-01 -1.812489999999999934e-01
7.504110000000000502e-01 2.798680000000000057e-01 6.178860000000000463e-01 7.223969999999999697e-03 1.903880000000000017e-01
7.413889999999999647e-01 4.273060000000000191e-01 1.131669999999999954e+00 -8.697349999999999526e-02 -8.125359999999999527e-02
8.858709999999999640e-01 -1.041669999999999957e-01 1.107679999999999998e+00 2.956529999999999991e-01 4.754399999999999737e-01
9.837169999999999526e-01 8.286759999999999682e-01 6.594649999999999679e-01 -3.896600000000000064e-01 -2.066369999999999874e-01
8.643150000000000555e-01 3.281450000000000200e-01 5.193440000000000278e-01 5.950740000000000196e-02 2.726939999999999920e-01
8.751729999999999787e-01 2.163960000000000050e-01 1.001819999999999933e+00 1.775660000000000016e-01 2.233430000000000137e-01
8.081139999999999990e-01 4.783950000000000147e-01 1.174709999999999921e+00 -5.506289999999999796e-02 -6.667810000000000403e-02
1.154309999999999947e+00 9.528889999999999860e-01 1.548049999999999982e-01 -5.137650000000000272e-01 -2.339990000000000125e-01
1.140949999999999909e+00 8.788559999999999706e-01 3.210979999999999945e-01 -5.267060000000000075e-01 -3.336480000000000001e-01
8.238539999999999752e-01 -1.039360000000000006e-01 1.262750000000000039e+00 4.392240000000000033e-01 4.143919999999999826e-01
7.771120000000000250e-01 7.687100000000000044e-01 9.514380000000000059e-01 -1.095720000000000027e-01 -2.224780000000000091e-01
1.218760000000000066e+00 8.575129999999999697e-01 3.178199999999999914e-01 -6.903110000000000079e-01 -3.977289999999999992e-01
1.243120000000000003e+00 9.407790000000000319e-01 2.619419999999999908e-03 -5.034459999999999491e-01 -1.329369999999999996e-01
1.083560000000000079e+00 1.096580000000000110e+00 1.885940000000000116e-01 -4.831610000000000071e-01 -1.459350000000000092e-01
7.170349999999999779e-01 6.829920000000000435e-01 1.774680000000000035e+00 -3.806680000000000064e-01 -8.413099999999999745e-02
8.115700000000000136e-01 -1.355630000000000029e-02 9.782170000000000032e-01 1.364070000000000005e-01 3.318180000000000018e-01
1.022450000000000081e+00 -2.016280000000000017e-01 1.166509999999999936e+00 4.992599999999999816e-01 5.505139999999999478e-01
1.051989999999999981e+00 -3.136539999999999884e-01 1.268729999999999913e+00 5.862619999999999498e-01 8.057400000000000118e-01
6.352889999999999926e-01 4.699240000000000084e-01 1.860200000000000076e+00 -3.329489999999999950e-01 -1.292240000000000055e-01
1.266010000000000080e+00 1.011419999999999986e+00 3.476679999999999771e-01 -8.647169999999999579e-01 -4.483920000000000128e-01
8.577200000000000379e-01 7.378209999999999491e-01 9.077450000000000241e-01 5.455490000000000339e-03 -3.392270000000000008e-01
8.539630000000000276e-01 6.084260000000000224e-01 1.252010000000000067e+00 -6.213609999999999967e-02 -1.567749999999999977e-01
8.256219999999999670e-01 7.458559999999999635e-01 1.849769999999999914e+00 -2.556579999999999964e-01 -1.066649999999999959e-01
8.792640000000000455e-01 -2.884160000000000057e-01 1.618270000000000097e+00 4.598490000000000077e-01 7.706349999999999589e-01
6.655029999999999557e-01 1.070950000000000069e+00 1.398249999999999993e+00 -2.621419999999999861e-01 2.086870000000000114e-01
9.061970000000000303e-01 -1.814860000000000084e-01 1.934139999999999970e+00 7.308860000000000356e-01 1.146719999999999962e-01
8.396409999999999707e-01 7.667329999999999979e-01 2.083709999999999951e+00 -4.115420000000000189e-01 -1.752749999999999864e-01
1.045379999999999976e+00 8.143430000000000391e-01 6.618739999999999624e-01 -3.042830000000000257e-01 -5.156570000000000320e-01
1.196930000000000049e+00 1.198220000000000063e+00 6.467300000000000271e-01 -5.778010000000000090e-01 -9.618200000000000083e-01
1.007660000000000000e+00 1.408870000000000067e+00 9.888780000000000348e-01 -1.545160000000000089e+00 6.333149999999999613e-01
6.402579999999999938e-01 7.150509999999999922e-01 1.775360000000000049e+00 -3.451930000000000276e-01 -7.690869999999999651e-02
7.523180000000000422e-01 8.081679999999999420e-02 1.740839999999999943e+00 -6.110459999999999781e-01 1.291740000000000110e+00
6.903909999999999769e-01 5.098260000000000014e-01 1.864729999999999999e+00 -2.586060000000000025e-01 1.916930000000000023e-01
6.056639999999999802e-01 4.008519999999999861e-01 1.817460000000000075e+00 -2.178329999999999989e-01 -6.491160000000000159e-03
