-8.638790000000000358e-02 8.431890000000000218e-02 1.731550000000000034e-01 1.889669999999999961e-01 8.837359999999999660e-01
-2.080020000000000133e-02 3.254929999999999768e-01 1.559800000000000075e-01 2.759170000000000234e-01 8.270760000000000334e-01
-9.908119999999999428e-02 2.653280000000000083e-01 2.360319999999999918e-01 2.863370000000000082e-01 8.767559999999999798e-01
-2.248390000000000111e-02 1.734189999999999898e-01 1.938380000000000103e-01 3.643480000000000052e-01 8.123869999999999703e-01
-6.159440000000000054e-02 2.399469999999999936e-01 1.787110000000000087e-01 2.288119999999999876e-01 8.639689999999999870e-01
4.880299999999999916e-02 3.021630000000000149e-01 2.749860000000000082e-01 1.481069999999999887e-01 9.265839999999999632e-01
-2.247809999999999826e-03 2.380780000000000118e-01 2.808430000000000093e-01 2.419260000000000022e-01 8.738559999999999661e-01
-1.009550000000000031e-01 1.384960000000000080e-01 2.791540000000000132e-01 2.453670000000000018e-01 8.745290000000000008e-01
-9.217920000000000280e-02 8.184230000000000671e-02 1.353989999999999916e-01 2.489139999999999964e-01 8.590470000000000050e-01
-1.892149999999999943e-01 2.160330000000000028e-01 1.642500000000000071e-01 2.846380000000000021e-01 8.275770000000000071e-01
-1.962109999999999965e-01 1.584260000000000113e-01 2.401389999999999914e-01 3.211379999999999790e-01 8.690080000000000027e-01
-4.481969999999999704e-02 1.456939999999999902e-01 1.335129999999999928e-01 2.345820000000000127e-01 9.681549999999999878e-01
-1.701580000000000037e-01 2.302120000000000000e-01 1.938050000000000050e-01 1.864840000000000109e-01 8.300100000000000255e-01
-1.143060000000000048e-01 1.644140000000000046e-01 2.812740000000000240e-01 1.655790000000000040e-01 8.751419999999999755e-01
-1.222599999999999937e-01 1.945020000000000082e-01 2.712100000000000066e-01 3.070970000000000089e-01 8.529259999999999620e-01
-1.033830000000000027e-01 2.166750000000000065e-01 1.403510000000000035e-01 1.923570000000000002e-01 8.742400000000000171e-01
-2.705899999999999972e-01 1.625540000000000040e-01 1.501099999999999934e-01 2.641660000000000119e-01 8.340859999999999941e-01
-2.949470000000000147e-01 1.494959999999999900e-01 2.446709999999999996e-01 1.514669999999999905e-01 8.395270000000000232e-01
-5.764690000000000265e-03 2.525370000000000115e-01 2.935619999999999896e-01 1.996419999999999861e-01 8.924739999999999895e-01
-2.165569999999999995e-01 1.485420000000000074e-01 1.706419999999999881e-01 3.227349999999999941e-01 9.044630000000000170e-01
-7.219069999999999654e-02 1.985860000000000125e-01 2.052730000000000110e-01 3.145350000000000090e-01 7.208250000000000490e-01
-1.410339999999999927e-01 1.595439999999999914e-01 2.413949999999999985e-01 3.612710000000000088e-01 9.215269999999999850e-01
-6.917929999999999913e-02 2.943669999999999898e-01 3.186269999999999936e-01 3.575519999999999810e-01 8.598700000000000232e-01
-1.536129999999999995e-01 1.788279999999999870e-01 2.260560000000000069e-01 2.909109999999999752e-01 9.334480000000000555e-01
-1.422599999999999976e-01 1.301039999999999974e-01 2.670779999999999821e-01 2.711810000000000054e-01 7.893970000000000153e-01
-2.739730000000000221e-01 6.917769999999999475e-02 1.669910000000000005e-01 2.989879999999999760e-01 7.061129999999999907e-01
-1.352750000000000064e-01 1.672289999999999888e-01 2.751500000000000057e-01 2.362609999999999988e-01 9.040049999999999475e-01
-1.195869999999999989e-01 1.722869999999999957e-01 2.447789999999999966e-01 2.337760000000000116e-01 8.639590000000000325e-01
-2.073230000000000073e-01 1.180419999999999942e-01 1.815219999999999889e-01 3.520699999999999941e-01 9.152040000000000175e-01
-1.387120000000000020e-01 1.499149999999999927e-01 1.371290000000000009e-01 2.358329999999999871e-01 9.347800000000000553e-01
-4.656919999999999810e-02 3.715300000000000269e-01 2.484399999999999942e-01 1.958360000000000101e-01 9.069139999999999979e-01
-1.403330000000000133e-01 2.225969999999999893e-01 1.556730000000000058e-01 1.347970000000000002e-01 8.423420000000000352e-01
-6.165040000000000103e-02 2.140279999999999960e-01 2.585219999999999740e-01 2.457060000000000077e-01 9.405590000000000339e-01
-2.481770000000000087e-01 1.711159999999999903e-01 2.010329999999999895e-01 2.962090000000000001e-01 9.503770000000000273e-01
-7.197810000000000319e-02 9.781950000000000367e-02 3.042119999999999824e-01 3.552649999999999975e-01 9.049479999999999746e-01
-6.852659999999999307e-02 2.443259999999999876e-01 2.221950000000000036e-01 2.299650000000000027e-01 9.620859999999999967e-01
-1.904740000000000044e-01 2.169099999999999917e-01 2.400440000000000074e-01 2.394550000000000012e-01 7.335960000000000258e-01
-1.246040000000000064e-01 2.255600000000000105e-01 1.347029999999999894e-01 3.094819999999999793e-01 8.633399999999999963e-01
-6.436479999999999632e-03 1.640240000000000031e-01 2.918140000000000178e-01 2.323230000000000017e-01 8.729440000000000532e-01
-1.034579999999999944e-01 1.591760000000000119e-01 1.834399999999999920e-01 2.147330000000000072e-01 8.645639999999999992e-01
-6.931229999999999336e-02 1.521099999999999952e-01 2.525319999999999787e-01 1.872459999999999958e-01 9.156699999999999839e-01
-1.340510000000000035e-01 3.356729999999999992e-01 1.519790000000000030e-01 2.675719999999999765e-01 9.336389999999999967e-01
-1.076339999999999936e-01 3.268050000000000122e-01 2.400039999999999951e-01 2.427950000000000108e-01 9.436010000000000231e-01
-1.001159999999999967e-01 3.040539999999999909e-01 3.483870000000000022e-01 2.290320000000000134e-01 9.096480000000000121e-01
-1.916339999999999988e-01 8.570460000000000578e-02 1.461250000000000049e-01 2.484359999999999902e-01 8.778209999999999624e-01
-6.152139999999999692e-02 9.302729999999999333e-02 2.803880000000000261e-01 3.555220000000000047e-01 8.007030000000000536e-01
-1.113409999999999955e-01 2.056669999999999887e-01 2.886759999999999882e-01 1.590590000000000059e-01 9.121310000000000251e-01
-1.537969999999999962e-02 1.789280000000000037e-01 1.606480000000000130e-01 2.760400000000000076e-01 7.990760000000000085e-01
-1.563700000000000159e-02 3.371580000000000132e-01 2.164139999999999953e-01 1.843970000000000053e-01 9.783279999999999754e-01
-1.560020000000000018e-01 2.087029999999999996e-01 2.212349999999999872e-01 2.935389999999999944e-01 9.291289999999999827e-01
-9.948410000000000586e-02 8.291880000000000084e-02 2.156959999999999988e-01 3.397870000000000057e-01 9.249129999999999852e-01
-7.470110000000000638e-02 2.722580000000000000e-01 2.889510000000000134e-01 2.752310000000000034e-01 8.866319999999999757e-01
-1.428379999999999928e-01 1.280650000000000122e-01 2.307809999999999861e-01 2.354849999999999999e-01 7.166749999999999510e-01
-1.803849999999999898e-01 2.625179999999999736e-01 2.812040000000000095e-01 2.959309999999999996e-01 8.893510000000000026e-01
-2.124479999999999980e-01 2.013900000000000134e-01 1.357730000000000048e-01 2.782100000000000128e-01 9.855469999999999509e-01
-1.456810000000000049e-01 6.136710000000000081e-02 2.374259999999999982e-01 2.932489999999999819e-01 9.255409999999999471e-01
1.616870000000000113e-02 2.743280000000000163e-01 2.778370000000000006e-01 2.901079999999999770e-01 9.288110000000000532e-01
-4.171579999999999733e-02 2.838700000000000112e-01 1.818049999999999944e-01 2.794329999999999870e-01 9.812849999999999628e-01
-1.322089999999999932e-01 2.261910000000000032e-01 2.687419999999999809e-01 3.139489999999999781e-01 9.089490000000000069e-01
-5.268640000000000129e-02 2.787760000000000238e-01 2.034900000000000042e-01 3.389909999999999868e-01 9.393920000000000048e-01
-1.192610000000000059e-01 1.648320000000000063e-01 1.618130000000000124e-01 2.036979999999999902e-01 8.451509999999999856e-01
-8.589209999999999900e-02 3.257650000000000268e-01 2.211430000000000062e-01 2.582760000000000056e-01 8.200309999999999544e-01
-9.251769999999999439e-02 8.115020000000000566e-02 2.965039999999999898e-01 3.002059999999999729e-01 9.849329999999999474e-01
-4.331779999999999659e-02 1.998030000000000084e-01 2.744229999999999725e-01 2.616859999999999742e-01 8.983550000000000146e-01
8.121679999999999178e-03 2.515789999999999971e-01 3.114489999999999759e-01 3.354090000000000127e-01 1.053590000000000027e+00
-1.484810000000000019e-01 9.748769999999999658e-02 2.674949999999999828e-01 3.690030000000000254e-01 9.035670000000000091e-01
2.058760000000000104e-02 2.784360000000000168e-01 2.484820000000000084e-01 1.993369999999999864e-01 8.387679999999999580e-01
-1.759650000000000103e-01 2.581430000000000113e-01 2.255630000000000135e-01 2.888040000000000052e-01 8.219570000000000487e-01
-1.111609999999999959e-01 2.785549999999999971e-01 2.042150000000000076e-01 3.381500000000000061e-01 9.681149999999999478e-01
4.322299999999999753e-02 2.362039999999999973e-01 2.301429999999999865e-01 3.793210000000000193e-01 9.395270000000000010e-01
-1.934680000000000011e-01 7.532729999999999981e-02 3.040359999999999729e-01 3.468760000000000177e-01 9.150709999999999678e-01
-8.301110000000000433e-02 2.853499999999999925e-01 2.340170000000000028e-01 3.392009999999999748e-01 8.537820000000000409e-01
3.977989999999999998e-02 3.068199999999999816e-01 3.265890000000000182e-01 2.572550000000000114e-01 9.788120000000000154e-01
4.529890000000000305e-02 2.871909999999999741e-01 2.881259999999999932e-01 1.880219999999999947e-01 1.066449999999999898e+00
-2.698000000000000051e-02 2.388029999999999875e-01 1.665600000000000136e-01 3.246220000000000216e-01 8.760059999999999514e-01
-7.511389999999999734e-02 1.519820000000000060e-01 3.048219999999999819e-01 3.439340000000000175e-01 8.644500000000000517e-01
-4.486300000000000010e-02 2.569130000000000025e-01 3.088770000000000127e-01 3.413809999999999900e-01 8.186510000000000176e-01
-1.189319999999999961e-01 1.626900000000000013e-01 3.034499999999999975e-01 2.195509999999999962e-01 8.751400000000000290e-01
-1.490630000000000011e-01 2.085259999999999891e-01 1.764100000000000112e-01 3.121740000000000070e-01 9.802079999999999682e-01
-2.032100000000000017e-01 3.076409999999999978e-01 2.308610000000000106e-01 2.900460000000000260e-01 8.212650000000000228e-01
-2.274100000000000080e-02 3.772519999999999762e-01 2.879610000000000225e-01 3.361450000000000271e-01 1.025849999999999929e+00
-5.280309999999999865e-02 2.334660000000000069e-01 2.549339999999999939e-01 2.735440000000000094e-01 8.732699999999999907e-01
-8.473990000000000689e-02 3.183960000000000123e-01 2.635319999999999885e-01 3.632960000000000078e-01 9.298669999999999991e-01
-1.697549999999999892e-01 1.216779999999999945e-01 1.352800000000000114e-01 4.036410000000000275e-01 8.915359999999999951e-01
-1.471069999999999878e-01 1.057749999999999940e-01 1.743039999999999867e-01 3.265159999999999729e-01 8.487789999999999502e-01
-1.930389999999999884e-01 1.387680000000000025e-01 1.875259999999999982e-01 2.364819999999999978e-01 8.816289999999999960e-01
-4.613659999999999983e-02 3.829520000000000146e-01 3.069959999999999911e-01 2.732260000000000244e-01 9.837200000000000388e-01
-1.707359999999999989e-01 1.267439999999999956e-01 2.539100000000000246e-01 3.093839999999999923e-01 8.956849999999999534e-01
-1.225249999999999950e-01 3.066610000000000169e-01 2.409090000000000120e-01 2.817669999999999897e-01 9.819710000000000383e-01
-2.353520000000000056e-01 1.407349999999999990e-01 2.845239999999999991e-01 2.094969999999999888e-01 8.354019999999999779e-01
-1.741689999999999905e-02 3.319550000000000001e-01 1.848970000000000058e-01 3.750249999999999972e-01 9.170270000000000366e-01
-2.101069999999999882e-01 2.425539999999999918e-01 1.410480000000000067e-01 1.616640000000000021e-01 7.946750000000000203e-01
-1.236440000000000039e-01 2.645850000000000146e-01 2.657189999999999830e-01 1.823019999999999918e-01 1.054470000000000018e+00
-1.533649999999999944e-02 3.936299999999999799e-01 2.570109999999999895e-01 1.973300000000000054e-01 9.724920000000000231e-01
-1.560340000000000060e-01 1.659339999999999982e-01 2.557420000000000249e-01 2.273759999999999948e-01 9.279910000000000103e-01
-6.626300000000000245e-02 2.164329999999999865e-01 2.318850000000000078e-01 2.463200000000000112e-01 9.139530000000000154e-01
-1.024820000000000036e-01 2.946619999999999795e-01 3.170490000000000252e-01 3.296359999999999846e-01 9.398980000000000112e-01
-1.207690000000000013e-01 1.755899999999999961e-01 2.150640000000000052e-01 2.649679999999999813e-01 9.645160000000000400e-01
-1.282679999999999931e-02 3.802010000000000112e-01 1.666499999999999926e-01 3.021389999999999909e-01 9.617139999999999578e-01
-1.348910000000000109e-01 2.989829999999999988e-01 2.020979999999999999e-01 2.973080000000000167e-01 9.392540000000000333e-01
-1.337210000000000065e-01 1.882969999999999922e-01 2.422360000000000069e-01 2.900659999999999905e-01 7.946969999999999867e-01
-2.963790000000000036e-01 2.811060000000000225e-01 2.271259999999999946e-01 3.296069999999999833e-01 9.257800000000000473e-01
-1.266369999999999996e-01 3.239409999999999790e-01 2.109250000000000014e-01 2.356880000000000086e-01 9.496959999999999846e-01
-4.611320000000000002e-02 2.722129999999999828e-01 1.996549999999999991e-01 4.273520000000000096e-01 9.734110000000000262e-01
6.267100000000000275e-03 3.292390000000000039e-01 1.821260000000000101e-01 2.808129999999999793e-01 9.491009999999999724e-01
-3.800939999999999874e-02 3.242970000000000019e-01 3.373959999999999737e-01 2.106389999999999929e-01 9.641520000000000090e-01
-6.411409999999999332e-02 4.001680000000000237e-01 3.286000000000000032e-01 2.180120000000000113e-01 1.047840000000000105e+00
6.849979999999999958e-02 2.504339999999999899e-01 2.100559999999999927e-01 1.944549999999999890e-01 1.000909999999999966e+00
-2.181069999999999953e-01 2.032499999999999862e-01 2.598070000000000102e-01 2.981840000000000046e-01 8.272469999999999546e-01
-9.746739999999999571e-02 1.737740000000000118e-01 2.240989999999999926e-01 2.633220000000000005e-01 1.008320000000000105e+00
3.941879999999999690e-02 3.929480000000000195e-01 3.151089999999999725e-01 2.404409999999999881e-01 9.567740000000000133e-01
-2.004850000000000035e-02 3.957729999999999859e-01 3.246029999999999749e-01 2.866759999999999864e-01 1.076910000000000034e+00
-1.045169999999999988e-01 4.326610000000000178e-01 2.384699999999999875e-01 2.606020000000000003e-01 9.942440000000000166e-01
1.169840000000000046e-01 3.408459999999999823e-01 1.835410000000000097e-01 3.330739999999999812e-01 1.051360000000000072e+00
-6.175080000000000152e-02 2.818669999999999787e-01 2.174149999999999971e-01 3.328169999999999740e-01 1.006769999999999943e+00
-4.347920000000000257e-02 3.108380000000000032e-01 9.668309999999999405e-02 3.501839999999999953e-01 8.734570000000000389e-01
-1.005780000000000007e-01 1.830489999999999895e-01 2.439169999999999949e-01 2.936199999999999921e-01 9.908959999999999990e-01
-1.435589999999999922e-01 2.741210000000000035e-01 2.865530000000000022e-01 2.667720000000000091e-01 9.136619999999999742e-01
-1.526919999999999944e-01 9.975019999999999720e-02 1.915060000000000096e-01 3.970980000000000065e-01 9.805169999999999719e-01
-1.525390000000000079e-01 2.105390000000000039e-01 2.253489999999999938e-01 2.140060000000000018e-01 9.587419999999999831e-01
-1.632699999999999985e-01 2.885659999999999892e-01 2.959049999999999736e-01 2.298449999999999938e-01 1.035519999999999996e+00
-2.837729999999999975e-01 8.211250000000000493e-02 2.620009999999999839e-01 2.693099999999999938e-01 7.925349999999999895e-01
-1.970629999999999882e-01 2.782060000000000088e-01 3.042960000000000109e-01 2.050619999999999943e-01 9.309150000000000480e-01
1.639879999999999949e-01 2.776620000000000199e-01 3.257660000000000000e-01 2.563500000000000223e-01 1.056230000000000002e+00
-8.826749999999999874e-02 3.762960000000000194e-01 3.080410000000000093e-01 2.876859999999999973e-01 1.068389999999999951e+00
-1.354649999999999951e-02 3.769000000000000128e-01 2.155779999999999919e-01 2.842120000000000202e-01 1.104070000000000107e+00
-9.656939999999999968e-02 1.725629999999999942e-01 3.237570000000000170e-01 2.170860000000000012e-01 1.040019999999999945e+00
5.654710000000000292e-02 4.131290000000000240e-01 2.475569999999999993e-01 3.550249999999999795e-01 9.769729999999999803e-01
-8.089369999999999894e-02 2.095629999999999993e-01 2.227850000000000108e-01 2.790480000000000183e-01 9.177100000000000257e-01
-4.467709999999999737e-02 2.757140000000000146e-01 1.945479999999999987e-01 3.173750000000000182e-01 1.133699999999999930e+00
-5.978510000000000074e-02 3.859989999999999810e-01 2.317039999999999933e-01 2.903560000000000030e-01 1.111790000000000056e+00
-7.315290000000000681e-02 2.982870000000000243e-01 2.618869999999999809e-01 2.864999999999999769e-01 9.657869999999999511e-01
-2.670410000000000145e-02 1.272050000000000125e-01 2.777000000000000024e-01 3.673830000000000151e-01 9.410640000000000116e-01
-6.637540000000000107e-02 2.580549999999999788e-01 1.701350000000000084e-01 4.176940000000000097e-01 1.047819999999999974e+00
2.506580000000000006e-03 2.897580000000000156e-01 1.714459999999999873e-01 2.466689999999999994e-01 1.031300000000000106e+00
-2.377780000000000171e-02 3.007509999999999906e-01 3.740539999999999976e-01 3.856499999999999928e-01 1.070699999999999985e+00
-4.295500000000000013e-02 3.673089999999999966e-01 3.264440000000000119e-01 4.127680000000000238e-01 8.733600000000000252e-01
-1.276790000000000043e-02 3.368019999999999903e-01 2.743809999999999860e-01 2.503549999999999942e-01 1.049299999999999899e+00
3.168089999999999795e-02 3.490130000000000177e-01 2.508090000000000042e-01 2.350440000000000029e-01 1.043230000000000102e+00
-9.186439999999999884e-02 4.259390000000000120e-01 3.307100000000000040e-01 3.478640000000000065e-01 1.161689999999999889e+00
2.336119999999999863e-02 2.794510000000000050e-01 2.562519999999999798e-01 3.014839999999999742e-01 1.020869999999999944e+00
3.445039999999999908e-02 3.002659999999999774e-01 1.422339999999999993e-01 3.412540000000000018e-01 1.060060000000000002e+00
-1.237580000000000069e-01 2.536749999999999838e-01 1.895169999999999910e-01 2.201450000000000073e-01 1.061069999999999958e+00
8.682189999999999352e-02 3.627639999999999754e-01 2.641319999999999779e-01 3.000149999999999761e-01 1.111690000000000067e+00
-1.045269999999999949e-01 3.368099999999999983e-01 2.400889999999999969e-01 1.406640000000000112e-01 1.026370000000000005e+00
-1.158870000000000039e-01 1.603009999999999990e-01 1.718880000000000130e-01 2.753669999999999729e-01 1.008399999999999963e+00
-1.228510000000000019e-01 2.047920000000000018e-01 3.191950000000000065e-01 2.598030000000000062e-01 9.691920000000000535e-01
-1.407980000000000065e-01 2.540830000000000033e-01 1.511869999999999881e-01 3.062420000000000142e-01 1.027590000000000003e+00
-2.375990000000000046e-02 3.974989999999999912e-01 3.475400000000000156e-01 4.058309999999999973e-01 9.795540000000000358e-01
8.182340000000000446e-02 4.348920000000000008e-01 3.602330000000000254e-01 2.437580000000000024e-01 1.168250000000000011e+00
1.162159999999999999e-01 4.993810000000000193e-01 2.817140000000000200e-01 2.040410000000000001e-01 1.056729999999999947e+00
-4.258940000000000121e-03 1.973199999999999954e-01 3.129379999999999939e-01 3.160819999999999741e-01 1.009130000000000082e+00
1.178360000000000041e-03 4.484699999999999798e-01 2.579890000000000239e-01 2.751179999999999737e-01 1.016219999999999901e+00
-6.551379999999999704e-02 3.408200000000000118e-01 3.148219999999999907e-01 1.810420000000000085e-01 9.728250000000000508e-01
-1.549810000000000076e-01 3.588199999999999723e-01 2.462040000000000062e-01 3.811950000000000061e-01 1.057360000000000078e+00
1.472240000000000007e-02 4.391039999999999943e-01 2.425529999999999908e-01 3.064529999999999754e-01 1.152409999999999934e+00
-1.877739999999999965e-01 2.806040000000000201e-01 1.608400000000000107e-01 3.439180000000000015e-01 1.051590000000000025e+00
9.481059999999999488e-02 5.166819999999999746e-01 3.295669999999999988e-01 3.091119999999999979e-01 9.355710000000000415e-01
-6.478570000000000162e-02 2.746839999999999837e-01 2.457260000000000000e-01 3.391830000000000123e-01 1.160260000000000069e+00
-8.306739999999999957e-02 3.562589999999999923e-01 3.076510000000000078e-01 2.907779999999999809e-01 9.184809999999999919e-01
1.513450000000000038e-02 3.073029999999999928e-01 2.271579999999999988e-01 2.840559999999999752e-01 9.667409999999999615e-01
-3.310280000000000167e-02 4.499009999999999954e-01 2.505620000000000069e-01 2.410269999999999913e-01 1.204110000000000014e+00
4.058739999999999917e-03 4.752750000000000030e-01 3.158779999999999921e-01 3.438209999999999877e-01 1.168360000000000065e+00
-1.127640000000000031e-01 2.613800000000000012e-01 2.800889999999999769e-01 3.370639999999999747e-01 9.154910000000000547e-01
7.857370000000000673e-03 4.755409999999999915e-01 2.428929999999999978e-01 2.590500000000000025e-01 1.077769999999999895e+00
-7.458570000000000477e-02 2.922020000000000173e-01 2.433919999999999972e-01 4.334939999999999904e-01 9.961499999999999799e-01
3.578110000000000318e-02 4.105179999999999940e-01 3.517230000000000079e-01 1.666030000000000011e-01 1.104200000000000070e+00
1.221000000000000002e-01 4.254459999999999908e-01 4.142440000000000011e-01 2.852600000000000136e-01 1.119299999999999962e+00
-7.554810000000000692e-02 3.693839999999999901e-01 2.589730000000000087e-01 2.678869999999999862e-01 1.116319999999999979e+00
3.969809999999999832e-03 3.482569999999999832e-01 2.488209999999999866e-01 2.338389999999999913e-01 1.111099999999999977e+00
-5.821260000000000323e-02 2.514419999999999988e-01 3.292919999999999736e-01 2.648880000000000123e-01 9.304540000000000033e-01
-1.616879999999999984e-01 3.104919999999999902e-01 2.992940000000000045e-01 3.604829999999999979e-01 9.116480000000000139e-01
-6.780429999999999791e-02 2.529629999999999934e-01 2.797450000000000214e-01 3.751650000000000262e-01 9.672859999999999792e-01
-3.468369999999999786e-02 3.289449999999999874e-01 1.896319999999999950e-01 3.114990000000000259e-01 1.030359999999999943e+00
-1.064070000000000016e-01 2.340230000000000088e-01 3.447100000000000164e-01 2.657789999999999875e-01 1.043320000000000025e+00
6.476439999999999975e-02 4.507800000000000140e-01 2.734570000000000056e-01 3.112679999999999891e-01 1.114409999999999901e+00
5.301530000000000131e-02 6.023070000000000368e-01 2.954990000000000117e-01 3.199159999999999782e-01 1.171210000000000084e+00
-2.631779999999999883e-02 5.008029999999999982e-01 2.162389999999999868e-01 2.957000000000000184e-01 1.052890000000000104e+00
-1.205320000000000003e-01 3.613540000000000085e-01 2.653530000000000055e-01 3.294520000000000226e-01 1.125259999999999927e+00
1.872460000000000097e-02 2.438790000000000124e-01 3.020849999999999924e-01 3.356520000000000059e-01 1.086980000000000057e+00
-5.942460000000000103e-02 2.846130000000000049e-01 2.646290000000000031e-01 3.303960000000000230e-01 1.222460000000000102e+00
-9.169990000000000085e-02 4.673880000000000257e-01 2.065690000000000026e-01 3.021710000000000229e-01 1.025120000000000031e+00
-2.277370000000000089e-02 4.013229999999999853e-01 3.708429999999999782e-01 3.136079999999999979e-01 1.103110000000000035e+00
-5.029070000000000068e-02 1.963949999999999863e-01 2.315450000000000008e-01 4.449980000000000047e-01 9.692830000000000057e-01
4.335739999999999733e-02 3.404479999999999729e-01 2.213040000000000007e-01 3.322550000000000225e-01 1.032080000000000108e+00
-1.344490000000000129e-01 2.255850000000000077e-01 2.532099999999999906e-01 1.804699999999999915e-01 9.663129999999999775e-01
-5.689779999999999838e-02 2.554919999999999969e-01 2.974519999999999942e-01 3.222880000000000189e-01 1.043970000000000065e+00
1.035679999999999934e-02 4.749570000000000181e-01 2.836870000000000225e-01 2.483329999999999982e-01 1.074119999999999964e+00
8.483999999999999875e-02 4.616029999999999855e-01 2.701259999999999772e-01 2.712550000000000239e-01 1.141299999999999981e+00
-4.843449999999999839e-02 3.183409999999999851e-01 3.460790000000000255e-01 3.253639999999999866e-01 1.171570000000000000e+00
-6.014800000000000008e-02 3.725580000000000003e-01 1.912010000000000098e-01 3.832900000000000196e-01 1.135490000000000110e+00
-1.323239999999999972e-01 3.330969999999999764e-01 3.257450000000000068e-01 2.432090000000000085e-01 1.023910000000000098e+00
3.192739999999999901e-03 2.783430000000000071e-01 2.878109999999999835e-01 2.816339999999999955e-01 1.161689999999999889e+00
6.566370000000000540e-02 3.891140000000000154e-01 3.277649999999999730e-01 3.008930000000000216e-01 1.026289999999999925e+00
6.029570000000000068e-02 2.999839999999999729e-01 3.153859999999999997e-01 2.975519999999999832e-01 1.092870000000000008e+00
1.502359999999999893e-03 4.795820000000000083e-01 2.652970000000000050e-01 2.936819999999999986e-01 1.112959999999999949e+00
-4.270199999999999690e-02 4.450359999999999872e-01 2.180229999999999946e-01 3.863230000000000275e-01 1.193659999999999943e+00
-1.070969999999999978e-01 3.966040000000000121e-01 3.122389999999999888e-01 2.665069999999999939e-01 1.018259999999999943e+00
-5.175060000000000077e-02 3.952910000000000035e-01 2.542099999999999915e-01 3.878130000000000188e-01 1.142360000000000042e+00
4.761789999999999773e-02 4.213040000000000118e-01 3.731940000000000257e-01 3.623449999999999727e-01 1.099129999999999940e+00
1.721210000000000101e-02 4.001569999999999849e-01 2.268779999999999963e-01 2.752149999999999874e-01 1.130560000000000009e+00
-4.296110000000000206e-02 4.090010000000000034e-01 3.110209999999999919e-01 1.703310000000000102e-01 1.191370000000000040e+00
3.249090000000000311e-02 3.631429999999999936e-01 3.360710000000000086e-01 3.467049999999999854e-01 1.114849999999999897e+00
1.520439999999999986e-02 4.667029999999999790e-01 2.915730000000000266e-01 4.247779999999999889e-01 1.047080000000000011e+00
5.390949999999999909e-02 4.728109999999999813e-01 3.965989999999999793e-01 3.149989999999999735e-01 1.150989999999999958e+00
2.983480000000000160e-02 4.002000000000000002e-01 2.755159999999999831e-01 3.629220000000000224e-01 1.027139999999999942e+00
-1.189400000000000041e-01 4.495489999999999764e-01 2.860719999999999930e-01 3.437640000000000140e-01 1.127620000000000067e+00
4.648320000000000229e-02 3.117579999999999796e-01 3.276299999999999768e-01 4.193160000000000220e-01 1.119220000000000104e+00
7.448639999999999428e-02 4.147939999999999960e-01 3.728879999999999972e-01 3.670760000000000134e-01 1.178469999999999906e+00
3.971779999999999755e-02 6.368009999999999504e-01 3.531830000000000247e-01 3.591869999999999785e-01 1.167710000000000026e+00
-6.697440000000000337e-02 4.237810000000000188e-01 2.733479999999999799e-01 3.298749999999999738e-01 1.172919999999999963e+00
1.085369999999999946e-01 4.237319999999999975e-01 3.670840000000000214e-01 2.524359999999999937e-01 1.225910000000000055e+00
7.681989999999999652e-02 5.444090000000000318e-01 4.748959999999999848e-01 2.734489999999999976e-01 1.305439999999999934e+00
9.988260000000000194e-02 3.355960000000000054e-01 2.915969999999999951e-01 2.867290000000000116e-01 1.057600000000000096e+00
-7.207950000000000468e-02 3.808860000000000023e-01 2.912520000000000109e-01 3.752909999999999857e-01 1.055779999999999941e+00
-8.432240000000000568e-02 3.409420000000000228e-01 2.897890000000000188e-01 2.721990000000000243e-01 1.101690000000000058e+00
2.162230000000000055e-02 4.230169999999999764e-01 3.235999999999999988e-01 4.090210000000000234e-01 1.097569999999999935e+00
6.426370000000000693e-02 3.576960000000000139e-01 3.440019999999999745e-01 3.150629999999999820e-01 1.185729999999999951e+00
-1.662919999999999954e-01 1.310900000000000121e-01 3.343280000000000141e-01 2.771299999999999875e-01 9.613310000000000466e-01
-8.556560000000000554e-02 3.791479999999999850e-01 2.909129999999999772e-01 3.881379999999999830e-01 1.187340000000000062e+00
-5.223139999999999727e-02 5.717879999999999630e-01 3.171680000000000055e-01 4.756859999999999977e-01 1.187969999999999970e+00
5.672379999999999783e-02 3.775370000000000115e-01 2.801560000000000161e-01 3.846229999999999927e-01 1.335960000000000036e+00
8.965969999999999496e-02 4.626009999999999844e-01 4.076690000000000036e-01 3.255440000000000000e-01 1.297449999999999992e+00
-6.707219999999999849e-02 4.604900000000000104e-01 3.353479999999999794e-01 3.943229999999999791e-01 1.171580000000000066e+00
-8.722769999999999482e-03 3.793779999999999930e-01 4.187710000000000043e-01 2.582559999999999856e-01 1.160670000000000091e+00
8.104850000000000249e-03 4.460629999999999873e-01 2.957159999999999789e-01 4.283429999999999738e-01 1.145499999999999963e+00
-6.127879999999999612e-03 4.619960000000000178e-01 2.294680000000000053e-01 4.121750000000000136e-01 1.155340000000000034e+00
8.191469999999999307e-02 4.573409999999999975e-01 2.466349999999999931e-01 3.412930000000000130e-01 1.228410000000000002e+00
7.973869999999999569e-02 4.249499999999999944e-01 4.133709999999999885e-01 3.782019999999999826e-01 1.243300000000000072e+00
-5.836090000000000028e-02 5.921990000000000309e-01 1.920449999999999935e-01 2.556829999999999936e-01 1.255600000000000049e+00
-3.278009999999999952e-02 5.269380000000000175e-01 3.935629999999999962e-01 3.366469999999999740e-01 1.086030000000000051e+00
5.074410000000000032e-02 3.619800000000000240e-01 3.604709999999999859e-01 3.801809999999999912e-01 1.275660000000000016e+00
-6.129060000000000064e-02 4.494489999999999874e-01 2.655480000000000063e-01 2.974439999999999862e-01 1.190250000000000030e+00
4.463770000000000238e-02 4.990459999999999896e-01 4.742939999999999934e-01 4.291269999999999807e-01 1.292780000000000040e+00
7.102450000000000430e-02 5.649420000000000552e-01 4.028390000000000026e-01 2.919280000000000208e-01 1.227149999999999963e+00
-1.951349999999999960e-02 4.185019999999999851e-01 3.496199999999999863e-01 3.100879999999999748e-01 1.065979999999999928e+00
4.236290000000000194e-02 4.536830000000000029e-01 1.794969999999999899e-01 3.708420000000000050e-01 1.126659999999999995e+00
8.811879999999999713e-02 4.360390000000000099e-01 3.024129999999999874e-01 3.019459999999999922e-01 1.184190000000000076e+00
2.761950000000000169e-02 6.571209999999999551e-01 3.056470000000000020e-01 3.100660000000000083e-01 1.277470000000000105e+00
1.540339999999999938e-02 5.046840000000000215e-01 2.648619999999999863e-01 3.561610000000000054e-01 1.224020000000000108e+00
1.901699999999999918e-02 5.599199999999999733e-01 3.279279999999999973e-01 3.776229999999999865e-01 1.249319999999999986e+00
-1.043639999999999984e-01 3.669689999999999896e-01 3.081639999999999935e-01 2.915110000000000201e-01 1.210339999999999971e+00
9.301850000000000396e-02 4.682799999999999740e-01 3.577739999999999809e-01 2.529959999999999987e-01 1.161170000000000035e+00
2.917830000000000163e-03 5.442209999999999548e-01 3.721409999999999996e-01 3.915469999999999784e-01 1.242839999999999945e+00
1.053439999999999932e-01 4.749849999999999905e-01 3.488510000000000222e-01 4.262230000000000185e-01 1.230050000000000088e+00
1.011959999999999900e-03 5.430760000000000032e-01 2.417989999999999862e-01 3.208840000000000026e-01 1.278399999999999981e+00
-2.590009999999999882e-02 4.985700000000000132e-01 2.868580000000000019e-01 4.547619999999999996e-01 1.274510000000000032e+00
1.038769999999999971e-01 4.422320000000000140e-01 4.899740000000000206e-01 3.855509999999999771e-01 1.325090000000000101e+00
-3.992869999999999753e-02 5.433930000000000149e-01 4.300200000000000133e-01 3.147610000000000130e-01 1.262880000000000003e+00
8.592279999999999363e-02 4.880519999999999858e-01 3.347570000000000268e-01 3.616449999999999942e-01 1.182330000000000103e+00
1.601770000000000138e-01 5.683019999999999738e-01 4.034840000000000093e-01 3.506119999999999792e-01 1.357410000000000005e+00
1.119480000000000058e-01 4.510120000000000240e-01 4.202719999999999789e-01 4.656989999999999741e-01 1.207370000000000054e+00
1.242000000000000048e-02 4.325140000000000096e-01 4.272719999999999851e-01 3.254610000000000003e-01 1.237440000000000095e+00
3.746529999999999999e-02 4.841880000000000073e-01 3.046159999999999979e-01 3.668750000000000067e-01 1.291239999999999943e+00
3.626259999999999900e-02 6.509740000000000526e-01 4.403969999999999829e-01 3.479180000000000050e-01 1.174260000000000081e+00
1.903090000000000059e-01 5.457880000000000509e-01 4.146449999999999858e-01 3.867530000000000134e-01 1.425769999999999982e+00
8.683459999999999790e-02 5.707489999999999508e-01 3.500340000000000118e-01 3.032009999999999983e-01 1.299330000000000096e+00
5.079480000000000106e-02 4.021750000000000047e-01 2.928830000000000044e-01 3.371620000000000172e-01 1.305469999999999908e+00
2.210280000000000022e-01 5.511819999999999498e-01 3.402720000000000189e-01 2.226899999999999991e-01 1.392020000000000035e+00
2.234119999999999856e-02 4.089869999999999894e-01 4.292449999999999877e-01 4.546169999999999933e-01 1.321409999999999973e+00
5.047639999999999766e-02 5.523550000000000404e-01 3.507750000000000035e-01 3.174739999999999784e-01 1.241679999999999895e+00
6.275400000000000422e-02 5.335330000000000350e-01 3.696220000000000061e-01 3.955529999999999879e-01 1.344489999999999963e+00
-4.242359999999999816e-04 5.542810000000000237e-01 2.621450000000000169e-01 4.442369999999999930e-01 1.215519999999999934e+00
3.220230000000000314e-02 4.262469999999999870e-01 2.641120000000000134e-01 4.041640000000000232e-01 1.198099999999999943e+00
3.094409999999999869e-02 4.072819999999999774e-01 3.733219999999999872e-01 4.550350000000000228e-01 1.182050000000000045e+00
7.722270000000000523e-02 6.767689999999999539e-01 3.661880000000000135e-01 3.433709999999999818e-01 1.427829999999999933e+00
8.466849999999999377e-02 7.087630000000000319e-01 4.486109999999999820e-01 3.506429999999999825e-01 1.334100000000000064e+00
-6.989059999999999717e-02 5.882920000000000371e-01 2.874639999999999973e-01 4.554989999999999872e-01 1.308610000000000051e+00
3.688419999999999893e-02 5.652810000000000334e-01 4.502320000000000211e-01 4.488269999999999760e-01 1.222409999999999997e+00
-1.644359999999999919e-02 5.443109999999999893e-01 2.834420000000000273e-01 4.698910000000000031e-01 1.288640000000000008e+00
4.022910000000000201e-03 5.771509999999999696e-01 4.132009999999999850e-01 2.988109999999999933e-01 1.341369999999999951e+00
1.966810000000000086e-02 4.594639999999999835e-01 3.155299999999999772e-01 4.031179999999999763e-01 1.304200000000000026e+00
2.675560000000000091e-02 6.169000000000000039e-01 3.036789999999999767e-01 4.592260000000000231e-01 1.343720000000000026e+00
1.336479999999999916e-03 7.019790000000000196e-01 3.310130000000000017e-01 3.773630000000000040e-01 1.457510000000000083e+00
6.190620000000000150e-02 7.924499999999999877e-01 3.329860000000000042e-01 3.048930000000000251e-01 1.435750000000000082e+00
1.024889999999999968e-01 6.036709999999999576e-01 4.605000000000000204e-01 3.503279999999999728e-01 1.340260000000000007e+00
5.329260000000000247e-02 6.200590000000000268e-01 5.220949999999999758e-01 3.088480000000000114e-01 1.388120000000000021e+00
1.669140000000000068e-01 5.048599999999999755e-01 4.599570000000000047e-01 4.110719999999999930e-01 1.388849999999999918e+00
1.453629999999999922e-01 5.888390000000000013e-01 5.411719999999999864e-01 3.713279999999999914e-01 1.347760000000000069e+00
1.606849999999999945e-01 6.091220000000000523e-01 4.826320000000000054e-01 3.750350000000000072e-01 1.378919999999999924e+00
6.467849999999999988e-02 6.531900000000000484e-01 4.873109999999999942e-01 4.239129999999999843e-01 1.341939999999999911e+00
1.241990000000000108e-03 5.375100000000000433e-01 4.429710000000000036e-01 4.563340000000000174e-01 1.311630000000000074e+00
1.381989999999999885e-01 5.974629999999999663e-01 4.089599999999999902e-01 3.975500000000000145e-01 1.394579999999999931e+00
1.218110000000000026e-01 7.462370000000000392e-01 3.692289999999999739e-01 4.830749999999999766e-01 1.286510000000000042e+00
1.095570000000000016e-01 6.244809999999999528e-01 3.910069999999999935e-01 4.095440000000000191e-01 1.415389999999999926e+00
2.248560000000000003e-01 5.102830000000000421e-01 4.098120000000000096e-01 3.457970000000000210e-01 1.504159999999999942e+00
2.313929999999999876e-01 5.292949999999999600e-01 5.284219999999999473e-01 3.447620000000000129e-01 1.505700000000000038e+00
-2.993379999999999999e-02 1.014159999999999950e+00 5.099089999999999456e-01 3.402680000000000149e-01 1.366530000000000022e+00
4.318929999999999991e-02 6.559479999999999755e-01 4.088680000000000092e-01 4.545779999999999821e-01 1.384840000000000071e+00
6.687550000000000439e-02 8.127220000000000555e-01 3.137280000000000069e-01 3.297860000000000236e-01 1.409470000000000001e+00
3.020619999999999972e-01 5.339199999999999502e-01 4.369370000000000198e-01 5.400509999999999478e-01 1.424180000000000001e+00
9.470040000000000402e-02 4.970160000000000133e-01 1.422770000000000090e+00 2.655509999999999815e-01 1.253470000000000084e+00
2.789809999999999790e-01 8.842689999999999717e-01 1.903829999999999967e-01 1.906740000000000101e-01 1.684909999999999908e+00
-3.938159999999999578e-03 9.460190000000000543e-01 3.120419999999999860e-01 2.885769999999999724e-01 1.627210000000000045e+00
1.100740000000000052e+00 -2.733209999999999806e-01 5.933559999999999945e-01 6.172050000000000036e-01 1.921589999999999909e+00
5.071989999999999554e-01 4.268310000000000159e-01 5.431730000000000169e-01 3.771729999999999805e-01 1.636360000000000037e+00
6.058010000000000339e-01 1.197319999999999940e+00 6.103290000000000104e-01 1.776170000000000027e+00 1.607280000000000042e+00
1.589830000000000132e-01 1.457729999999999970e+00 2.686349999999999849e-02 1.264040000000000052e+00 1.879839999999999955e+00
7.709399999999999586e-01 9.313599999999999657e-01 7.571600000000000552e-01 1.825749999999999984e+00 1.619990000000000041e+00
