3.421747399467596762e-01 -6.837798878399977687e-01
2.996775561561472734e-01 4.508675783107835011e-01
1.455747259810706851e+00 3.289901620601162757e-01
1.078754335306378875e+00 1.226128142000546539e+00
2.371334888374146133e-01 -9.841732051773889323e-01
-7.519318913172721996e-02 4.301023176011127824e-01
6.396096302380802623e-01 6.888069605862453537e-01
4.747865611577534173e-01 -9.646948326303377008e-02
1.033413336957742068e+00 1.896892313482154979e-01
1.224002750305518278e-01 5.606458621379364210e-02
-6.614891412496086698e-01 -6.924731977644087433e-01
-5.473218032055774396e-01 1.206369794216297420e+00
4.947891657208664529e-01 6.125267162543505950e-02
1.004632898798095031e+00 4.353868130683379856e-01
-9.484605099161533825e-01 -1.187086723160518248e-01
-1.947478574055962197e-02 8.494972064707403403e-01
-1.512611798529961415e-01 -1.679753753976787944e+00
7.113240692087787753e-01 7.811896787197866732e-02
-9.834288323195777837e-01 -2.348170186290962635e-01
6.773116563597532114e-01 -8.862895797643018936e-01
6.187626046573440480e-02 5.037225245931657991e-01
2.424133844228473667e+00 1.389486792456010145e+00
4.111017753472273606e-02 1.628071930889544383e+00
-7.127904237363142936e-01 9.393744046595953190e-02
2.386837253393025160e-01 -2.124683495261277810e-01
1.604240002154211919e-01 -7.299924833115791767e-01
-2.140001073241188045e+00 3.723413950465827571e-01
1.239776200705920706e-01 1.140506707696707922e+00
2.856622220492745501e-01 -3.039519212450380106e-02
5.417580345237300588e-01 -1.176844884936284474e+00
-1.464009644775049690e+00 -3.599543108856850249e-01
6.257375311194028900e-01 -1.303636295435704362e+00
1.722391887348971862e-01 -2.588609232372090507e-01
6.197441094613534984e-01 -1.738343277519773578e+00
-4.871671827247924802e-01 1.271756106015913268e+00
9.645091914924016629e-01 2.070799516058275280e+00
1.077986571409869532e+00 1.587637640412910223e+00
-1.258182179497833453e-01 1.340885008152252478e-01
2.494815903935249324e+00 3.590490779932426491e-01
2.612697082134826099e-01 -2.105405984807436237e+00
8.351631784109257994e-01 -1.702138177291799837e+00
-1.255589160839957863e+00 -1.691841692304687020e-02
1.489719512811660929e+00 -1.300618537437252087e+00
2.315508365451926232e-01 -1.194797423131811032e+00
-6.795733230314213724e-01 3.326286758666394672e-01
-1.550685971034719168e+00 -1.164595971672995445e+00
7.262469285546062636e-01 2.376875900868783698e-01
4.001654187091022719e-01 -1.640890848404251479e+00
-3.183446872915073333e-01 -4.149315321064915296e-01
9.592475947962314509e-01 -1.322272201533916669e-01
-1.578432132821458111e+00 -8.451622223939579959e-01
6.249806677831988289e-01 -7.986029030319907740e-01
1.791962070813553076e-01 -3.271221399295341503e-01
1.536483177648424903e+00 -1.911268028660672247e+00
7.883912678687603481e-01 -4.779147589593931156e-01
1.527033694286388021e+00 1.912388498269898873e+00
-1.844646586601888794e-01 -1.350782402176994745e+00
-1.202748936938023760e+00 1.152166614720496085e+00
-2.973234191814763672e-01 4.104432482978295771e-01
5.827290921769573417e-01 8.160937471090530526e-02
-8.768405697980240499e-01 1.553406336172390989e-01
-2.028444084308079542e+00 -1.087205112723736322e+00
-3.835323228865137879e-01 -2.520194475870887185e+00
9.767430864832798987e-01 -1.249093604440926430e+00
6.924958837781602927e-01 4.131413258457428128e-01
4.744546297266493129e-01 -8.963945216034131525e-01
7.776112512268328336e-01 7.586853689435131554e-02
-8.960963361657649229e-02 -1.183649635932906286e+00
-2.116307442951172457e-01 -4.920567844587696027e-01
-1.049600728356052004e+00 -4.364786360317735592e-01
-1.433003929524604647e+00 -5.412177027058306944e-01
9.202079541929017448e-02 -1.132485528918620171e-01
8.798760046692147840e-01 -1.104063160227089613e+00
1.122500032243663348e+00 2.801211104474496949e-01
6.808808843009718226e-01 -4.320059904233251591e-01
3.853235668271669523e-01 1.188104325103005232e+00
-4.735357250637092785e-01 -2.017298021212878684e-02
-7.831661398692213449e-01 3.449638931386159735e-01
-3.831021164173426530e-01 4.033382114724948786e-01
-7.631627463486378993e-01 8.345936340503256057e-01
-5.991414638295677886e-01 -4.369217801122773220e-02
5.181124610705131195e-01 -6.536289006748099290e-03
-1.021454441474010988e+00 -1.087635363908963981e+00
-9.238626584241625972e-01 1.515649365706778218e+00
7.076633670801926179e-01 -2.057520674284533946e-01
-1.608008840710507092e+00 -1.429321689736945844e+00
8.707231765487232211e-01 -4.818557296512694932e-01
6.049386256721575039e-01 1.210786009935802127e-01
9.335651293321842736e-01 -1.417294561267923303e+00
-6.759410460175594437e-01 -1.941094786664711691e+00
-1.622838530471632512e-01 -1.978719044081720613e+00
3.185061814114541479e-01 2.534155502377081204e-01
-4.453422784912935972e-02 1.684276746436130789e-01
9.713454243455598158e-01 2.456635222862467993e-01
7.847617245554604493e-01 -1.079143357995802521e+00
-5.943248052898429945e-01 8.975663274395307978e-01
-9.460319128202271388e-01 -9.278879935607124985e-01
-5.939382998636236755e-01 -8.938158428467384287e-01
-1.972099302496194972e-01 2.859551824944083775e-01
-5.455305332173494559e-01 8.839259987295194909e-01
-1.677769734723700612e+00 -8.494534218049720753e-01
1.021718035718400114e-01 7.393804645708307310e-01
8.591854112764584217e-01 -8.901712610171877982e-01
1.215137411701359138e+00 -4.809521289547334377e-01
-1.131238411509243980e+00 -4.319832000281442208e-01
-1.424199929116647168e+00 -3.847472479040490168e+00
5.558833682049000302e-01 2.217537999313053731e+00
-4.530295125025778358e-01 -8.477696799895565460e-01
-2.586872343712252054e+00 -1.098663356962240822e+00
4.506967189397447227e-01 9.535245127232336859e-01
-5.296944727339902848e-01 6.388070454222090078e-01
-1.286639721625316979e-01 1.160688386526621096e+00
-7.380965241161102641e-01 6.093976081714919113e-01
5.149488992019965461e-02 2.404211713262308370e-01
6.441331281912243689e-01 9.894726620324507671e-01
-1.008326960604949418e+00 -5.868053257278094126e-01
-1.399896816695948676e+00 -9.791857907890361146e-01
-6.443000118683112065e-01 1.374381254701573463e+00
-2.193790105203608995e-03 2.357196991459423185e-01
-1.088106158731172224e+00 8.036936049540188698e-01
1.207560450191576817e-01 -4.944272022233868191e-01
3.059101816255754835e-01 -3.946957271812784884e-01
1.071481567185276207e+00 -6.990769218007761854e-01
-9.078704880714278946e-01 -1.527860195392011455e+00
1.257198696033329233e+00 1.061114457935946609e+00
1.156182053306028301e+00 -2.919763467434314252e-01
-1.290952006256899320e+00 -8.467034609148182955e-01
-2.837727693152030106e-01 6.028025633956304863e-02
6.056591735007244015e-01 -2.143125205155369528e-01
-2.355832956369397491e-01 -1.314104922119471996e-01
-1.050191562468553608e+00 -2.550999417505705136e+00
1.021358120461284935e+00 -7.068162252244954979e-01
-1.039051630305737106e+00 -6.462059119824935527e-01
-1.420615955769479521e+00 6.793741988553860800e-01
2.188749362225093531e+00 -2.925221553895847038e-01
2.161063610963401618e-02 5.763338633377430575e-01
5.980688564915300764e-01 1.973113583651287639e+00
-1.711916287509549772e-01 -1.241883487944622555e+00
-1.345823257400663615e-02 5.902822256576604198e-01
8.904165809949425858e-01 6.049224729398904321e-01
3.758039468848142217e-01 -4.309469962831435352e-01
3.283288237910239604e-01 -4.267287491950449985e-01
-9.189441888119423973e-01 4.292567096457008402e-01
-3.150117286273996231e-01 2.696153932255522245e-01
2.747446593898810185e-01 -1.067621972710694811e+00
8.909022013274552343e-01 4.083578316736335423e-01
-1.069610272577369292e+00 -1.141913727684820357e+00
-4.176502839065934086e-02 -6.429241395148965754e-01
2.307888845158310442e-01 9.297606114777501318e-01
5.939759146481865537e-02 -7.307129029705646817e-01
1.234286477097014112e+00 -7.842647911800214588e-01
-1.669892770312150443e+00 3.890744222088236559e-01
3.038772631879880226e-01 1.161065234222355524e+00
-1.180527635615584714e+00 -1.143253247898629255e+00
-8.881725197063312649e-01 -1.136274530950617034e+00
-9.907591337369993367e-02 2.837690022346786578e-01
2.889469969458202114e-01 -1.328241503269742552e-01
-4.039660766714104900e-01 -9.598830331344850864e-01
7.899225066596681222e-01 -5.617268427306509881e-01
2.342133650557934654e+00 4.325550180950995527e-01
-8.970822394497857122e-01 -6.908090967866780119e-01
-7.627765436911456698e-01 3.943611198541061569e-01
-1.494023017324216662e-01 8.622218647474126918e-01
-3.119816082031430238e-01 1.956788566450851918e-01
-7.790771148792697831e-01 8.432661448508665947e-01
6.962909730507733652e-01 4.997552529242650365e-01
-9.152010977612337062e-01 -5.344787735334505241e-03
-1.723715198043823948e-01 -2.096788051927120478e+00
4.260298878326907457e-01 6.825684587414811988e-01
-8.785391533422159949e-01 -1.176370282820350388e+00
-3.281275165862284071e-01 -2.250131843032044110e-01
2.264656210863636776e+00 -1.556646503651122115e+00
-2.014804696315031673e+00 6.531848481144957308e-01
3.945775477855440472e-01 -6.258175761798305814e-01
-7.803032884227207866e-01 1.524302207329966408e-01
3.325289902220619487e-01 2.797201064205044885e-01
-1.277740838247590494e-01 3.679928785087440701e-01
-1.082956688519632199e-01 -2.046562366770252606e+00
4.086982951961058985e-01 -6.322770534732873315e-01
5.213400298742900674e-01 -6.462337997715090765e-01
-1.657679301094710178e+00 -3.717016997163105629e-01
1.456262408653605345e+00 -2.333679410641729957e-01
1.187406702488639443e+00 3.854773039501979137e-01
-1.593103346179514768e+00 -8.885384959023072404e-03
2.559914991774581705e-01 1.441557019606774404e+00
-1.221226071218683540e+00 -1.175563967745296035e+00
6.185147775961243877e-01 2.647859184677128774e-01
3.966735624001648808e-01 6.818933493270027402e-01
-2.190218355355004198e-01 2.139915012115056747e-01
3.817756784322282743e-02 1.262066451572626757e+00
-6.698322175429627379e-01 -1.685931754866613619e-01
-2.694002043156392551e-02 1.234934038820671764e+00
1.888404149851142799e+00 -5.976623824938964713e-01
7.493091416283148565e-01 7.950126131897276849e-02
-5.303438918304219374e-02 2.622625634797849936e-01
-3.538178658925250075e-01 -5.211731166835845697e-01
2.604178687420686811e-01 -1.546695529873812758e-01
2.618736378848647295e+00 -2.046935304861827287e+00
-4.510985795503534845e-01 5.073631857139375700e-01
3.921129728061980568e-01 -6.850818972502468185e-01
-1.259765635322727562e+00 1.559602039591764022e+00
-2.023778184779553069e+00 -2.476651610003419268e+00
1.125598715746509049e+00 2.161639316325566718e+00
-1.562498968545747546e+00 -2.438351523613439820e-01
-1.170386210502425195e+00 -1.448224149088247259e+00
1.813389881604681619e+00 -4.892888111416542340e-01
1.226110171894769230e-01 -2.208690757059168508e-01
3.075911907180663984e-01 3.789017186466578369e-01
-2.312853098797698626e-01 8.814428576265616044e-01
4.494397914606918509e-01 -3.541268796772206739e-01
-1.499873157008877689e+00 -2.279388292968069329e+00
8.963872518124220701e-01 -1.035457868786016533e+00
-6.837540483676841641e-01 2.235929392032689478e+00
1.089853927875519546e-01 -2.300719075368433952e-01
4.588478058476128663e-01 5.510674685921648219e-01
-2.580511740397040676e-01 9.836829918819702812e-01
3.214885860231739279e-01 2.244912038547594246e+00
-3.889786040741411433e-01 2.435608870416045235e+00
6.087172449115055839e-01 1.051693012207688682e-01
-2.027330360507666462e+00 3.209881812930839851e-01
-2.320182521197413195e+00 -3.870156817967525531e-01
-8.798854154121295013e-01 -4.041216028447273678e-01
-1.210127340610750862e-01 -6.236990898242580211e-02
-1.840706213312922168e+00 -2.053377446532284267e+00
2.181961128304395370e+00 -1.916926206641695885e+00
2.677207217676455531e-01 -9.786138373921422495e-01
1.826608139376502349e+00 -1.224536219322153396e+00
3.581280893393856690e-01 1.029135586980259864e+00
-1.307638617264962777e+00 -3.870841445711468709e-01
-4.029948508080944958e-01 4.292209239673107635e-01
1.772698794519719456e+00 2.214373241332894260e-01
6.887604729075964549e-01 -1.382437677445762514e+00
-5.601346134612676941e-01 2.165629995990854262e-01
8.835820691926569159e-01 -1.037390392090285163e+00
1.321448199248327571e+00 -8.798418686574888126e-01
5.339267994293108721e-01 -1.291378401948554577e+00
1.264066544327880681e+00 3.181408272570631635e-01
4.722645365921514515e-01 -9.167305844681075122e-01
1.847172334888872225e+00 2.685496671062102436e+00
3.754399055401215768e-01 1.514183210494345344e+00
-3.172925253730775608e-01 9.582772098091320301e-02
-3.590166833001918190e-01 -3.149582732475681990e-01
2.500839262606689428e-01 -4.926138533197027547e-02
4.402633291480174127e-01 1.774939264355446022e+00
-6.563223456985936011e-01 -4.311191293400982727e-01
2.283288088142555738e-01 1.736386853358051208e-01
-2.221082696978726734e-01 -7.834552672807095774e-01
5.208991689945885462e-01 6.773842466710958132e-02
3.248060666555795950e-01 1.003074360207828475e+00
1.747407182049612664e-02 1.425699762696750472e+00
-7.065216013361720337e-01 -8.028492985479268595e-01
-1.072619317556868512e-01 -3.184392060629457344e-01
-9.321346462674933164e-01 -4.386072863517382348e-01
-3.910540330331852554e-01 1.938618844525632490e+00
-9.313141612801215663e-01 -8.376648605401815217e-01
-1.323518278897202416e+00 -7.419248738296043699e-01
-1.963352727526306851e-01 -2.913799893024911492e-01
1.835531275072465940e+00 5.242713265780012399e-01
7.085252326325890415e-01 -2.411385504684984693e-01
5.403597060399049912e-02 3.509504282100967543e-01
7.473114678452722481e-01 -2.877413951270849524e-03
-3.074933116846975678e-01 -3.256260014954548421e-01
4.924435131259184417e-01 -5.828502316959893736e-01
-6.294773406701773544e-01 -1.046936131421960292e+00
7.919397293917835867e-01 -3.104893026759990016e-01
-1.344167881647383878e+00 5.156844978305646920e-01
-1.607657516115356955e-01 -6.941874770680854789e-01
-1.397893484819784593e+00 1.674509466540065272e+00
-3.985825437301920154e-02 -2.575522006287756405e+00
-3.600342630845302927e-01 8.408657611809936538e-01
-7.674268505226318204e-01 -1.078312145202557693e+00
5.991797893292636346e-01 9.106568469263515153e-01
-1.397404452468178349e+00 -6.155721437619934289e-01
6.659821148923138479e-01 1.354170790395386348e+00
4.143696980195692436e-01 8.980862892877411463e-02
1.246013381828709604e-01 3.527238011792550587e-01
-2.781971534943295521e-01 8.837119275047204681e-02
1.604974212776859588e-01 -8.199891290529830457e-01
-5.212086502742808714e-01 -7.067081865716420275e-01
-1.619312469663391763e-01 1.565288021533292939e+00
1.369676411996464616e+00 -9.969408688955141429e-01
-1.429418418162683446e+00 6.843512726110315136e-02
6.442379309048815728e-01 -3.485252366048924300e-01
3.072394755749911499e-01 4.092740013885782235e-01
-7.644688602916002163e-01 1.430924019106731393e+00
1.074171880034969107e+00 3.549304148782667645e-01
-3.169045481830017885e-01 -1.299074103139438163e+00
-1.619136318165210087e+00 2.862817046715080416e-01
-3.410861814541448211e-01 3.345420222478995842e-01
-1.487544098409465221e+00 -8.033624174355822323e-01
4.159170377049279943e-01 -8.864881518954847994e-01
-1.143589411327210481e+00 4.569925924572477705e-01
1.006037980756567668e-01 2.190227556168867551e+00
2.413793709498979756e-01 -1.196204710105323921e+00
8.454257369063630234e-01 2.607591101017777552e-02
7.516116797699249341e-01 -1.399840353585387609e-01
-1.567222556446747461e+00 4.837681645542765696e-01
-1.131827771239152902e+00 1.710999085001303488e+00
1.044197343974879066e+00 -9.966542596219059025e-01
-8.480626066820647901e-01 8.723145241939312955e-01
1.811583554168118448e+00 1.212999319365734241e+00
-7.417980594279468542e-01 9.385119364461612657e-01
1.451248840488103875e+00 -4.102554607188637625e-01
8.180518916794280448e-01 -1.101799275972690229e+00
-6.607620083180809623e-01 -9.869077238365352167e-02
-4.568008149012992569e-01 -9.591698402900149523e-01
-1.211651527758095925e+00 -9.933575897916353536e-01
-8.640933586664574229e-01 1.222496508414633754e+00
-8.591287705632694172e-01 9.395884909834919529e-01
-5.453724564046313894e-01 1.010450821331913884e+00
-6.186203903006071841e-02 1.360918949538687805e-01
1.454775609180860574e-01 -1.056869995484571501e+00
-4.670978138199284868e-01 -5.713420780725800840e-01
-1.082348988800350797e+00 -9.831689849887954857e-02
1.686954981980938739e-01 -1.453762453270209809e+00
-9.668741639974437474e-01 1.494935246812464147e+00
-7.362338473767531255e-01 -5.103150551587815054e-01
-3.415027720245880083e-01 -3.883034950053228518e-01
-2.632626300798385222e-01 -1.275849327134834343e+00
-1.690206153530161015e-01 -1.941478668285992193e-01
-2.169811605884158112e+00 3.062282662936821054e-01
1.221103453091778146e+00 -9.724524075477245511e-01
8.827500997163566510e-01 -1.475548751118296517e-02
9.444707916359694755e-01 -8.868190479632229728e-01
-3.511257824398304472e-01 1.913601706120082457e-01
3.451524310328282219e-01 -8.461118164600079927e-01
-4.868484814753827883e-01 1.751734336593607999e+00
-1.819823201248392142e+00 -5.142780269805269366e-01
-6.084949921296221170e-02 -9.262774184641869857e-01
-3.126793228751382769e-01 -1.111213921477837374e+00
1.982042875087238309e+00 -1.019318704754660354e+00
-1.315076590821878388e-01 2.587966555190521212e-01
1.012131529587600165e-01 4.527993246384795500e-01
-1.478154118676331619e+00 -1.072645332301620957e+00
-1.671782899892829244e+00 1.478275555709917866e+00
1.452954426287675238e+00 5.928025710585264063e-01
3.905554056443979460e-01 7.624059893739766336e-01
-1.813917706969134569e+00 -9.601589952019053964e-01
-1.619313591977375177e-01 8.074790709624024565e-01
2.131995425290548418e+00 7.612122140917214619e-01
4.488218782326270501e-02 -1.565179573699948534e+00
2.065856204548859321e-01 1.941605414392773843e-01
-1.210417599860440951e+00 3.231061864522647431e-01
-1.359328770182530732e+00 -9.152070924287005749e-01
-9.929606845927790165e-03 7.575937207378538041e-01
4.123266834351302368e-01 -2.266620754579455610e-01
-5.296565883456723078e-01 9.807760696955654112e-01
8.546874316552902640e-01 3.400373627171822122e-01
1.238421963204874299e+00 9.214927849303160556e-01
-1.503172687959400289e+00 -5.443472506386396459e-01
-2.349100117586736536e-01 1.551650301579445168e+00
-7.713684853553536003e-02 -9.406114222382614409e-01
1.328391140663154890e-01 -7.922509524327012720e-01
-1.034583291479191036e+00 -1.130579050698664156e+00
-1.630825737711443679e+00 7.769142559384039082e-01
-3.691574582801487869e-01 1.244924933049950777e+00
-9.222394718959446847e-01 -1.138303638774214477e+00
-7.609981807922158170e-01 1.928149889553849583e-01
1.565344174324909021e+00 9.087952907858977067e-03
1.069689941815845646e+00 -8.351351374128652694e-01
9.971413420714670961e-01 -5.343135800923793921e-01
-4.851154219100370923e-01 -1.018781270174668796e+00
3.397661379367039602e-01 1.545208043445654433e-01
7.873411034525605867e-01 7.643590768247030542e-01
2.511276955348457629e-01 7.219990564524837451e-01
1.386504180829239541e+00 -9.142597692995900749e-01
6.410039646298775207e-01 7.117658555760625338e-02
1.376648810821389013e+00 6.531647084444173190e-01
-5.270215863549166935e-01 1.412013620926974689e+00
-1.995069893131505401e+00 1.885235952740729415e+00
-1.977412426299724801e+00 7.574860789891235680e-01
3.248159953118506804e-01 6.565900068860271999e-01
-7.844298863369578712e-01 -1.187228144800750007e+00
1.165801042896408513e+00 -2.021953702128059582e+00
-5.234610183998802402e-01 1.666701471685291536e-01
-7.446728906538031545e-01 6.663542567670358574e-01
-5.863306679253100784e-01 5.700190159405235102e-01
-1.036701407795087126e+00 -2.262153324560268464e-01
7.804651696607477485e-01 2.741337204371693814e-01
3.582856589200419939e-01 -6.893427625835110151e-01
-7.541272831290408707e-01 -1.997865419582673663e-01
3.109674438371894944e-01 -2.386915064837560330e-01
-6.480044047007421648e-01 1.777708478395051417e+00
9.482778839945810168e-01 -2.548848744315759026e-03
-1.206673554138428361e+00 1.321697177936648648e+00
5.690855883293378659e-01 5.252590401080454718e-01
-8.918527339832197365e-01 8.910648975594719357e-01
3.221678920924057193e-02 4.991982036441558468e-01
-2.747608513404871999e+00 -2.601919880732005974e-01
-9.974737701720339800e-01 -8.837748009459671372e-02
-9.287642119874213176e-01 1.429187727546209929e+00
-1.414146324519780284e+00 -1.330546454675551438e+00
-1.080785201481518687e+00 5.584119042268330668e-01
-6.001591409274373845e-01 5.369994554144857934e-01
8.926554535918784783e-01 3.801537405404522008e-01
-1.239407358666873238e+00 -1.032560127116979309e+00
2.244847279957933039e-01 5.438854793015700517e-01
9.267205117067850439e-02 -1.611798633152647098e-01
-5.124738123588772343e-01 -1.873897131426916496e-01
-8.729735282930936036e-01 -4.753845467791897317e-01
5.227638432918679801e-01 -2.208747962187491698e+00
-1.129420493998843644e-01 -1.569168260956288252e+00
1.004631031560050847e+00 -9.503845382908749917e-01
-2.393779367485330267e-01 1.140839890396085021e+00
1.125919761015270470e+00 -2.023825109961434610e+00
-9.029892274277914743e-02 4.523788496414768989e-01
5.702822753288935287e-01 5.974324636856073560e-03
-6.859580574302913680e-01 -6.202542386248888207e-01
-4.212998029563185254e-01 -9.154742394251839110e-01
8.936601392023343360e-01 9.739802839867933715e-01
1.823518179704094244e+00 4.302593489315609809e-01
-4.947326909925278682e-01 -6.912378688210776279e-01
4.435180412144366646e-01 -1.568350547473020384e+00
-1.136258976331005588e+00 4.316409456737546058e-01
9.335221317078283843e-01 2.306434031472470170e-01
1.368647449614934120e+00 -1.059441614123963094e+00
-1.786451118718498376e-01 1.644360223998133863e+00
4.696800274054018648e-02 -6.397892813760573949e-01
1.913039832671661333e-01 -1.968939224958820566e-01
2.200506046367003865e+00 1.350568084664446111e+00
-9.034080452483289614e-01 -9.974470255508450789e-01
-3.481165038224498520e-01 1.183772483791690977e+00
1.673469950592912647e-01 -5.601698573665345737e-01
3.516284630983631532e-01 -1.917629654444117593e+00
-7.073094923081629792e-01 4.875428146340269331e-01
-9.684986747229984427e-02 -4.927642801428117059e-01
-5.373459843392008883e-01 6.898040736730748357e-01
1.807556505526476676e-02 -7.625781553254304956e-01
-4.041925039529725150e-01 -2.027605044568309811e+00
-1.759830703582026867e+00 9.549150820664287220e-01
2.686185416903250633e-01 -4.211279170307332120e-01
4.192784299094118872e-01 -4.067218650768284482e-01
6.831851856415029900e-01 3.502640858582549144e-01
2.144736432180364971e-01 -1.014548394044807234e+00
-8.947102750466796595e-01 1.129211002731486113e+00
4.812524645123709699e-01 -1.425990963615652252e+00
-1.646107860322072014e+00 -7.179976389711926199e-01
1.410206764490929521e+00 -8.196487389553546166e-01
2.951174594271128271e+00 5.272023601939476167e-01
2.736941326379479511e-01 2.099480473579255602e+00
3.775832865374544323e-01 4.814674735854554966e-01
-1.077001698331048196e+00 -2.043984849326446473e-01
1.353138447647793917e-02 3.459174330798369112e-01
-3.598760522553423602e-01 3.693073772037883673e-01
7.528066542348444967e-01 8.865866024317474725e-01
-1.563445304261084523e+00 -3.512746037377613151e-01
2.925057043825356473e+00 6.439170151165869889e-03
1.927663445413324350e+00 3.691262811770604779e-01
1.485138834126685570e+00 2.494116208693694485e-03
7.369940949993188106e-02 -1.054880943641591351e+00
-9.118970335434198882e-01 4.844315114234097885e-01
2.810359339035473636e-01 -1.012746896385112061e+00
-4.212260441606632821e-01 -8.744509477711148726e-02
-2.049002213044060827e+00 1.874976003540662350e-01
1.026574916080895017e+00 1.298663524066979047e+00
9.393651881170366202e-01 -1.131867150134059585e+00
1.078455594774158754e+00 1.400707638507497466e+00
8.149796602770098541e-01 9.494465083759932034e-01
-8.821233339083702774e-01 -7.162249362840173994e-01
-3.065372789654856323e-02 -5.102134486923520784e-01
9.629174836242287983e-01 -1.169031889051124873e+00
4.710078191276270143e-01 -1.436212282284399233e+00
8.477530986284295134e-01 -1.266671118294971365e-01
2.574738535871157197e-01 -6.249769496812515035e-01
-1.747989498955555998e+00 7.190139648727504884e-01
-1.274778771091778395e+00 5.745222166410014486e-01
-9.335903290608073002e-01 5.580132564946825857e-01
-6.650200820585179251e-01 -2.655479108696030544e-01
3.070112033812741337e-01 -7.934019757349268787e-01
5.456789485884940838e-01 -4.285868737608800605e-01
1.049450191464078141e+00 1.048499764635500986e+00
4.695331857940755471e-01 -5.825596537252265561e-01
6.145652699485117942e-01 -1.855072004635492044e+00
3.699883183372149748e-02 1.347232060689439903e+00
1.286719475361086402e-03 -1.431294709112015173e+00
1.412328787926204976e+00 -2.140549171187710875e-01
1.370873923733765487e+00 -1.447396142609609582e+00
8.579075928238805160e-01 8.789577969237014621e-01
2.787206094620185981e-01 -3.607958801663618126e-02
1.492921307183852908e-01 6.967385184284302646e-01
6.676047919665830666e-01 1.393015888659571988e-01
-2.101628006780494218e+00 3.025682371784631508e-01
-1.540130748129199034e+00 4.992882030366026513e-01
-9.553690877048666152e-01 -1.697746812974298525e+00
-1.420899312985326735e-01 -2.993981576666828737e-01
7.979446766071256192e-02 4.724867379448606797e-01
-1.259191438470679492e+00 -1.340342641949343827e+00
6.523382805461193090e-01 1.304201383780713819e+00
-7.813090985938312416e-01 -7.650578915624044463e-01
-3.543462080236801648e-01 8.849128316745320799e-02
1.767302118747751949e-01 1.573029932215820326e+00
5.965107636879063424e-01 2.306492441641916358e-01
-2.129428286543741056e+00 -3.126287589371951614e-01
-1.550256066087425388e+00 -1.707191259412892181e+00
-7.709538942533682437e-01 -1.333250793519097366e+00
1.176559573906938327e+00 -2.140246492528689037e-01
6.618924542996984517e-01 -5.810873482606301321e-01
-7.364974908656753971e-01 4.710271569114491547e-02
-1.310261537090713801e+00 2.174739525804456619e-01
2.426587617428925259e-01 -7.029052158541929662e-01
4.336180307824655245e-01 -2.476453454035024704e-01
-1.496754245614574153e+00 1.325547334110673270e-01
-4.209951802181091107e-01 8.612135687031414744e-01
-1.429516101878848700e+00 1.736163439914778783e-01
-2.988373733899085116e-01 8.495702035720262835e-01
1.724731653276208254e+00 -9.758433947296298872e-01
1.090784882935066369e-01 -1.972527564919281939e-01
-2.749113811182961609e-01 -8.603508839010727272e-01
1.233470026892505178e+00 1.582549502357905480e+00
3.298356548718583275e-02 -1.612608439114628034e+00
-6.355350996162152377e-01 2.214661998489545203e-01
5.342972359249131831e-01 -2.507000813042845055e-01
4.663878664999221435e-01 -5.586958657309684106e-01
-2.384830560624751072e-01 -2.996405770695846904e-01
-9.643435612524527967e-01 -6.335451159783662967e-02
-1.460607338563814361e-01 7.148357594708207863e-01
1.221588403955125718e-01 -4.338149119911182683e-01
-1.061338171870148950e-01 -5.726733422731793421e-01
9.342773022871829758e-01 -5.555942496987210655e-01
8.767801656582466796e-01 9.458854674774368476e-01
-2.564371052702843823e+00 1.551683935100555800e+00
-2.672921050960770928e-01 2.741974840729412000e-01
-1.116790122500341959e-01 1.087257291342377696e+00
1.027301031030328993e+00 1.084529164882707120e+00
-5.236542042280457609e-01 -1.381932878536568543e+00
8.432385313977489583e-01 -1.445768611658322100e-01
1.293863847197736394e+00 -4.250670172181757467e-01
1.425276352087481158e+00 -1.611923377515176448e-01
2.045682766377422690e-01 -4.139444591309148214e-01
1.602758217721447664e+00 2.360751784582446888e-01
5.244567838479959887e-01 -1.070720276243084967e+00
-8.849765694948129591e-01 -7.230154879600573237e-01
-4.624830136198579966e-01 2.222258086544480760e-01
-7.678862210849165537e-01 7.374520069586608662e-01
4.369901298820581537e-01 3.633952684809839684e-01
5.110658914631881489e-01 7.762038690991375223e-01
3.519982462017307578e-01 -6.134651356085544238e-01
9.139202605875982321e-01 -2.167197943343285027e-01
-8.985315048295474671e-01 4.614697473606337377e-03
-8.420187312244669098e-01 2.103645328452020014e+00
-1.880619986251977627e-01 -1.444100072773542125e-02
4.848232358103988782e-01 6.412581654166578105e-01
-1.667139388754558249e-01 9.124107803503979097e-01
-1.144716417157448873e+00 1.430595482497630133e+00
6.652547972435358670e-01 1.055399502769055031e+00
1.135493515162375955e+00 9.308373069797231114e-01
1.320435400372867718e-01 -1.522951442672198841e+00
6.969384343563203021e-01 5.910265728212928948e-01
8.167450843976317154e-01 3.060535504601014090e-01
7.991786771872807713e-03 -2.527682589566655924e+00
2.225582709296520523e-01 1.638889686633129061e+00
-1.540355414758335595e+00 4.486636760490820275e-01
-3.940088591418319797e-01 9.182790873313512181e-01
2.771094851324401032e-01 -2.798432735254997583e-01
1.342719739866021555e+00 2.426418684130631775e-01
-2.226529915323266273e+00 -9.218673070610290399e-01
2.341749484043504637e-01 -4.627711588261841924e-01
-3.875492960726973357e-01 -2.759070551935919324e-01
3.151521965238461842e-01 -5.724718391662462214e-01
4.101417549201292201e-01 2.742158659320855785e-01
1.370743576077930070e+00 4.341738922339129503e-01
-6.270619204577684291e-01 -1.055157191092662927e+00
5.683889442493451627e-01 7.744775012364378819e-01
-4.713497231761865636e-01 6.577735558138907146e-02
1.295275632503415375e+00 1.377566376860120068e+00
3.984963295392230931e-01 -1.052397646857173186e+00
1.940277623864902656e+00 1.567259724856875924e-01
-3.477604104143397490e-01 -2.375611533002389142e-01
8.880838195326677953e-01 2.704101950392678866e-01
8.054062693564955078e-01 -2.599140013991381171e-01
-1.040118751165524102e+00 -3.720093000470352934e-02
-5.655533080541581548e-01 8.637697560672792652e-02
4.238157700262151772e-01 3.858092825289073380e-01
1.014116516350812125e+00 -3.857120165597808792e-01
-4.242850694197723427e-01 3.164711170285630648e-01
-3.499552555376134744e-01 1.312547719402441526e-01
8.938348602344255989e-01 1.081521963817728693e+00
-3.177254360464348282e-01 2.520867348426324206e+00
1.494639111432104484e+00 9.324994299210467297e-01
4.302918595133031071e-02 2.566750704419251683e-01
-4.913722964137279825e-01 2.314829034014715126e-01
4.004130819015890852e-01 -7.684558605579935309e-01
-1.003254971128778816e+00 -6.384544365151273437e-01
9.770207075965431365e-01 1.287801159986397437e+00
-4.388162327073358848e-01 -5.367333513222873054e-02
1.164903256221015093e+00 -7.127252069256984068e-01
3.258331530827463657e-02 -1.272895395161920407e+00
2.394977772019165480e-02 -6.470535302709979897e-01
8.066243804613359991e-01 -7.265586507487604706e-01
7.130104738897283800e-01 5.611527034737632258e-01
3.740268413780866164e-01 1.359034906718006586e-01
-3.783663622443752539e-01 -5.399369104199144148e-02
-3.239595331565009451e-01 7.872348267856499326e-01
-3.083463350865071895e-02 -4.709575260769396921e-01
-3.660924764366124684e-02 -1.482648943928221996e+00
-8.784435992470083221e-01 3.992804865782161872e-01
5.822461591804333203e-01 9.794335400084491772e-01
4.178552321631842648e-01 -1.167504366692256212e+00
1.967723078864163977e+00 7.480512304184572248e-01
-2.812217528829411006e-01 -8.834202306115879200e-01
-5.096813638777820676e-01 -6.980199872530482574e-01
-1.833542834517212894e+00 -9.542287972528327167e-01
9.022643082206354137e-01 -7.610590845092797263e-01
3.870556724525184289e-01 -4.775295260293271893e-01
5.708394030917854911e-01 9.458864584558619448e-01
-1.186705735201867146e-01 -6.383921988655558710e-01
-6.142459456567750387e-01 -3.052176823458075949e-01
-6.294734936867264936e-03 -7.254510227021576663e-01
-1.012190821508773597e+00 -1.339566666442547405e+00
-1.047889114597896576e+00 6.639785583337584063e-01
-5.608915038883286464e-01 -8.276654247476380455e-01
-6.433499831948158443e-01 -3.204839324532424150e-01
-1.541410869557005292e-01 1.502302626541839603e-01
-3.391624277964718770e-01 1.229192745054487335e-02
-2.358208903076339236e-01 2.441110823760445359e-01
8.192293514273093491e-01 -8.413214149711611967e-01
-6.307753360604483328e-01 4.083323385463923927e-01
6.620643481923217388e-01 -1.022821043238015815e+00
-2.757898405842986289e+00 4.348199573362478976e-01
-8.082703528178932784e-01 -4.776142973955889715e-01
-1.076692824828072270e+00 -1.740331607539767900e+00
-2.559298716301598553e+00 -1.326398851586973737e-01
5.258805324083115629e-01 -1.163120755398702855e+00
8.154232420881750709e-01 -8.806509267777856698e-01
7.506365632631522011e-01 -4.450292442540324661e-02
-1.169875419305756337e+00 -2.729583327630002443e-01
-3.364688231214965075e-01 -1.047524347492367669e+00
8.934622592245707873e-01 7.812776771423616262e-01
-5.917572622264988258e-01 4.562077679379340778e-02
7.496823935144034667e-01 1.173429951116394143e+00
5.237928505328901529e-01 -8.558153465195240950e-02
7.089833347845209133e-01 -6.866056599348575595e-01
-1.245221575572529771e+00 3.206016579142921541e-02
-1.453182313878101484e+00 -1.779664466824104341e-01
-6.298141605820922750e-02 7.446595677978731787e-02
2.956896406688618306e-01 -3.982568535430693335e-01
-1.615840429597965366e+00 -3.634261302779829839e-01
2.756314766986755344e-02 2.863534375125453391e+00
-9.963064110642791960e-01 8.462130522685121781e-01
-7.526229118446492450e-01 -7.498116352127644213e-02
7.744440648163227747e-01 -5.906775219929589760e-01
-6.080382190723878644e-01 -2.312045279779960383e-01
5.858096135138513016e-01 8.523625238451412178e-01
-1.345344410885174646e+00 1.071398763279374000e+00
-3.542354568033857509e-01 -6.469988488056512832e-01
1.837966478557473637e+00 -7.889561004533739152e-02
-5.105896911966185669e-01 -9.104268777981995575e-02
1.018925684936877740e+00 5.480498981839149186e-01
-1.511703518499605492e+00 1.063699720526285336e-01
-9.083643211049389210e-01 -9.928023985277774355e-02
1.292998206635135539e+00 2.131796294025511074e+00
-2.627456151169001775e+00 -9.822151700062654589e-01
-8.247694273286122479e-01 -3.874036210579235306e-01
-1.283779646052905399e+00 -1.902369571830044848e-01
5.815068751863156082e-01 -1.467520767376114588e+00
1.509711603565998983e+00 5.795585159156962929e-01
6.914995700363172348e-01 1.126693110751180615e+00
-2.074256462248944555e+00 -2.405292028852177577e-01
4.011467437405421554e-01 -7.649025762290216912e-01
-5.744361086638566372e-02 -2.663288033406225885e-01
1.045129182490837305e+00 -2.463087737473918515e-01
1.466744285792749958e+00 9.037753092966177570e-01
-5.229856443623003281e-01 7.038665469686355980e-01
2.002888095741319319e+00 2.564046240978097302e+00
-2.108491654410232563e+00 -5.447546250259764911e-01
-6.408872608863367404e-01 7.539121525225586096e-01
-7.477549806144502265e-01 9.766274351361557970e-01
1.165975065075445682e+00 -1.525543639246118577e-01
-1.504455886246484964e+00 1.672652624636427943e+00
1.538181564900822085e-01 1.829655622051851616e+00
-1.430563195460498926e+00 -7.099307207755943816e-01
3.489987545644266387e-01 1.121655234775210674e+00
-5.461650141766503097e-01 2.015997799905341337e-01
-1.081228463788828087e+00 3.709256335727429410e-01
2.342883315495254859e+00 -1.196509810868355173e+00
1.537897187161044510e+00 2.495117646239619624e-01
-5.483550311851937975e-01 2.101549570990883797e-01
-1.342714761083353636e+00 -1.325077274859113086e+00
1.559492173847338403e+00 -8.897988016576101611e-01
-1.809647867220872883e-02 2.357645780024842708e+00
-1.050193891604424001e+00 2.139698068294828559e-01
1.092757969996452028e+00 -1.529324513859902757e+00
1.080335611855422373e+00 -1.854728693216947333e+00
-1.750778135892677501e+00 -4.092326549288266002e-01
-2.956965121227522753e-01 -2.735716797045333326e-01
1.701274947919928504e+00 -1.079367374393666701e+00
1.056204160539552239e+00 7.170765766271047781e-02
8.428543484283691767e-02 -1.650631285304418494e+00
2.532262224663844652e+00 -2.843308134205623228e-01
-3.699918960553566505e-01 1.071319865383340231e+00
-3.273744451444713377e-01 -1.715351582658415919e-01
-6.152287290138943598e-01 -7.757832877862619325e-02
5.990223940271801606e-01 4.505996273037952138e-01
8.806908883454436232e-01 7.707918329375635924e-01
1.372891063631114683e+00 1.154695366567898285e+00
-3.003115412763708303e-01 2.518948803391435343e-01
4.396715938209797697e-02 -1.200341971437258071e+00
-4.143918728180830957e-01 -2.389610175952393334e+00
7.185309259020912220e-01 -1.057436043741054155e+00
3.304794003557869897e-01 -1.680198095159787464e+00
2.785134290628507592e-01 6.029676729518016476e-01
-7.346358212810875088e-01 2.139681003815996907e-01
6.351804792878983363e-01 -5.149483278638858907e-01
-2.666872393957099296e-01 -2.341395127882265476e-02
9.213313446317928923e-01 1.787959743700009430e+00
4.529890253275321160e-02 5.468393333805795509e-01
-2.561424209291444654e-01 -9.122999663176249996e-01
1.148220134832538042e+00 -3.996656316008267429e-01
-1.751096150868423296e+00 9.614304776392171292e-02
-1.868891790929373409e-01 -1.136022037691791775e+00
9.824041364127269471e-01 -9.530553100029905966e-01
7.814810631544365505e-01 -1.601469617292215208e-01
-2.582004072430501562e-01 -4.565318883937248828e-01
1.927200894089276417e+00 4.954571846400517288e-01
2.805837929974054346e-01 -6.489690484565662221e-01
3.159172951799716356e-01 -1.486837387064747218e-01
4.665638896420788995e-01 -1.758983227161779572e+00
-8.142677249245626747e-01 1.357759035131212322e+00
3.921848999191839824e-01 6.777932089485825262e-01
3.400308326815830451e-02 -4.318570484324383285e-01
4.283270572158937584e-01 -2.159860154627561146e-01
-7.533863821497357449e-01 8.450182649507463895e-01
4.530208240770684514e-01 4.535342980335451690e-01
7.436796233161137026e-01 -1.730188307290359828e-01
-3.259404866896321029e-01 -3.157122216291425310e-01
-2.884636869999407160e+00 -4.764496755368558545e-01
2.643786647729250983e-01 4.799008726697379656e-01
-5.991570266952076507e-01 2.106976981346854849e+00
1.206687615079125697e+00 1.144182455736202086e-01
-2.603499705748905657e-01 2.867047595679453664e+00
-8.346789989615761851e-02 -1.856303696157343142e+00
3.893701241923563372e-01 -8.442694233192874487e-01
-1.003089412018757010e+00 1.517366205684280489e+00
-3.765461000655684343e-02 -6.082329036543449030e-01
-5.372418945744881213e-01 1.136653793972860038e+00
1.582439328457096173e-01 9.040079209670891514e-01
-1.734074662653755761e+00 2.950333834890763285e+00
1.208176443318411897e+00 6.024008715615100096e-01
-2.065276908093988339e+00 2.451113260420366771e-02
-2.690040976204647327e-01 -1.014743576844270856e-01
1.870304341883913368e+00 3.874066317993735131e-02
-1.374563853357974264e+00 2.034236527377076609e+00
-6.792908196811413279e-02 1.261627887163692119e+00
1.968909316138645060e-01 1.000121276610890231e+00
5.788751553710997921e-01 -6.927516154833690543e-01
4.439246319969253340e-01 -5.731692481768516645e-01
-2.726644464415957023e-02 -2.402676389421862235e-01
3.268416776708558957e-02 -3.683356926630304562e-01
-7.437657726095975308e-02 1.204760608662989396e+00
4.769502938162372696e-01 -2.045787194760443073e-01
-1.968057035969563717e-01 1.350476971956910743e+00
-1.765286179836152547e+00 -1.357054124901388770e+00
-5.485771068735127987e-01 -5.869898357227366636e-01
4.621036474927672777e-01 1.756537843817009614e+00
4.785321209524570074e-01 1.579929649980074124e+00
-6.808050019617494231e-01 3.070624260590136267e-01
2.196376902378617935e+00 3.317386777840993783e-01
1.959841447189078600e+00 -2.840536300508417433e+00
-2.042014401773228460e+00 -4.786902254563115133e-01
1.541337257201050304e-01 -8.796963299399201269e-03
-1.647848349680598012e+00 1.034026902567494410e+00
8.830911428073010550e-01 2.516562635284658733e-01
-1.842834362619802269e+00 -1.181154590002239546e+00
4.276339055537624056e-01 1.905672493593174935e-02
-1.663715626554955085e+00 -2.640050297053616823e+00
1.319736179741630780e-02 -9.417186954312193325e-01
-1.632120144413608420e+00 3.555683863473480533e-01
9.222729524876002727e-02 4.184641160519113334e-02
4.430724443033031701e-01 1.302167818435157498e+00
-4.176909235274269827e-01 7.080928712402732028e-01
1.672557849735701208e+00 5.910227442133231257e-01
-9.042945181372740171e-01 1.434365942018410500e+00
-5.619028591834174247e-01 -5.551925350271352810e-01
2.092873994479762245e-01 -8.736983399490435565e-01
-6.261061178867260990e-01 2.070792533100605404e+00
4.159730714289992526e-01 -4.203647205945226228e-01
1.595041816112043209e+00 -1.055100042323816600e+00
1.521519031515902842e+00 9.793441002962393060e-01
-9.953938167490095079e-01 -6.803201112409119622e-01
-4.740506887931967284e-01 -2.588979944348121509e-01
-9.863329819561539313e-02 -1.406623739606567947e+00
-8.352627730855831378e-02 6.891496132907591887e-01
2.977548588221327619e-01 -1.259172255671796137e+00
1.696444540903743470e-01 -2.981987599636277686e-01
-1.312518170454053112e-01 -4.756058293902507561e-01
1.614592358566240282e+00 3.383879747033205487e-01
5.960567419233802067e-01 -3.589741767778857895e-01
-3.142471338663511693e-01 6.842545092583540711e-01
-8.308612315739258847e-01 -1.529045228583018057e+00
-7.240608606347812559e-01 -3.066574942343028853e-01
1.036482626129861861e+00 1.133724924565868708e+00
-2.066717838690252662e-01 -2.018549158993253378e+00
6.614494329267238681e-01 9.392849423744391302e-02
2.656905430787931746e-02 -9.710648828725485515e-01
4.396852313539200696e-01 -3.025344875690987312e-01
3.441782290985168080e-01 6.876761593962166241e-01
-7.840262375501634295e-01 -2.359147148101982672e-01
-9.251078139167823178e-01 -1.805075139571247878e+00
1.073262328448195248e-03 2.625803851263466271e-01
1.323103871989047109e+00 -9.139363639448210286e-01
-5.108348416557734195e-01 -3.117844749039187097e-02
5.752259846370777474e-01 8.927559781324896360e-01
1.558253075208837046e+00 -9.040965019458845342e-01
2.128685037850349460e+00 2.031878241568952914e-01
1.103864781767622372e+00 4.436742645500003079e-01
-1.734917716121766595e-01 -3.999910015816124376e-01
-1.511881641281444866e+00 2.024804759432876078e-01
2.036816031567350027e-01 7.043165756505915809e-01
1.173426348122451390e+00 -1.017526874301488471e+00
-6.828801799117112381e-01 -4.499557610380630623e-01
-1.442184626195989749e-01 -1.108459476680047073e+00
-4.468722063798576394e-01 -4.681150458627720834e-01
4.489101002576066368e-01 -2.125632893847706484e-01
-3.337593172555068377e-01 -9.384206103721641767e-01
5.518305816263843200e-01 6.348108602143088808e-01
1.107329919383876593e+00 -7.891214244081875551e-01
-2.951639572403743639e-01 -1.959585093197762640e-01
-6.620137499853742113e-01 -3.135750459108574417e-01
1.585177658015238578e+00 1.031482486243807672e+00
-4.487244910571906997e-01 -8.423016180684539389e-01
-3.856673919972701259e-01 1.280711412427215423e+00
1.601367407182554548e+00 6.012528956778758760e-01
9.598934081566035115e-01 1.501731695146129031e+00
-9.071567567108759222e-01 -2.660560565279096457e-01
-1.970375096401563386e+00 9.924333510015282966e-01
1.863821311514753665e-01 1.270828669026485391e+00
2.005387420880555105e+00 -6.634195105991546049e-01
-8.202076173894076172e-01 1.034781601041548704e+00
-8.897190449008898216e-01 -1.517642565386456421e-01
-1.188246413337611163e+00 5.584080605705790123e-01
-1.832191180832913602e-01 -8.867940779271692442e-01
5.283726430036386201e-01 -1.463360004325071184e+00
-1.095556270160539469e+00 2.367311421830693430e+00
1.965887185530647896e+00 -1.613855694916772832e+00
1.080559907952563625e+00 1.030381089137947459e+00
1.322783413601356095e+00 -1.184085499298482419e-01
-1.769947684425418943e+00 1.468094098172936679e+00
6.526420534777539473e-01 -3.110827500057125050e-01
7.402169178603127397e-01 6.054335573680513782e-01
-3.763401515711379264e-01 1.027276248403777847e+00
-5.531095312841914913e-01 -9.605320934772347830e-01
5.838721707591811860e-01 1.551321154482626164e-03
-2.954188117984138939e-01 -1.714410738017012159e+00
-1.909400249838721919e-01 -1.018167302958875364e+00
8.345327260613517872e-02 9.315338170844200683e-01
-9.024795413748747386e-01 -7.680153328511523103e-01
9.624924535280209303e-01 -5.898128478130384433e-01
2.622534061587159515e-01 1.705790392935356281e-01
-3.679983047239694383e-01 2.265636065512473429e+00
-8.970506512779171659e-01 -8.636754081627123769e-01
-1.485018802018358078e-02 -6.913880508704620675e-01
-6.149098221597720793e-01 6.136448576337291128e-01
1.106988293452218608e+00 -1.721880823411941208e-01
-1.833832769003205909e+00 1.098968216400961984e+00
-1.069578637892916406e+00 3.532850174563613721e-01
2.367599736982484715e-01 2.017435644818580120e-01
-2.279210701003358541e-01 -2.088028401788341870e-01
2.544979480877501143e-01 1.385010259466407989e+00
-4.320205732350821948e-01 -1.155939316994725630e+00
-2.131122027972539357e+00 3.314398658523325103e-02
1.956863987253410819e+00 3.158472575673588190e-01
5.669031529060468699e-01 -7.965959162435545249e-01
2.774766189799660498e+00 1.103122789129104830e-01
-4.364194268473889360e-01 -7.481184973343986133e-01
6.244000598007258818e-01 -2.768271662902166863e+00
-1.007410775376583079e+00 -9.074422685024097213e-01
7.537120511820207813e-01 1.305747900971490294e+00
2.600577137179233556e-01 1.332066432045741822e+00
2.549339180501480340e-01 -5.578959358288747561e-01
4.294774945207230354e-01 -1.212142629526188786e+00
5.529335942204172127e-01 -1.494121469438600247e+00
-3.895989795228740893e-01 -5.610896449140216902e-01
-1.006789900839152319e+00 -5.743393950583922103e-02
3.295120637053958745e+00 1.451204359409884181e-01
-7.010602428426959687e-01 2.666056392195754299e+00
-7.078485463894909069e-01 6.338998442588448246e-01
1.343272750815560856e+00 -2.271281265320778953e-01
1.386080810653000928e-01 -1.272632309359410074e+00
1.233179224423543580e-01 -3.978520378027714521e-01
-1.152591023625754163e+00 -1.490052359538369675e+00
1.600605537322335181e-01 -6.133747552251542778e-01
-5.409301071038284947e-01 -3.033572946425687755e-01
8.188833693811937708e-01 -3.743488449964682552e-01
1.622143986838405549e+00 1.607748825080258293e+00
3.480047859886641892e-01 2.011893354760494912e+00
4.812960814543134624e-01 -6.710251276554523026e-01
-1.355968291275528204e+00 -1.177963893884512281e+00
4.885101886088891177e-02 1.729063833474438205e-01
9.952419902167376486e-01 4.484043383116745884e-01
8.681941517581669432e-01 1.397555197653956860e+00
-7.664718990009605770e-01 -1.059839585730814715e+00
-1.112178428976184685e+00 -7.906038984527981039e-01
3.340173474791678920e-01 2.640182218837788253e-01
8.350510658964850341e-01 5.860236677765450208e-01
1.055117061188349581e+00 -6.325392407511072623e-02
-1.044095700244723757e+00 9.915974609669114814e-01
7.768690084606304502e-01 -4.360087896086498604e-01
7.345618636530111267e-01 2.380589056062564213e-01
-7.300109722768363119e-01 7.295358234557810517e-01
1.480071765717166254e+00 1.198529759270459349e+00
-1.165185600959085299e+00 1.066418989044158661e+00
-1.163558903240238251e+00 -8.383230144835355224e-01
-1.032338497996394100e+00 -6.508605660002407534e-02
9.530898405223240388e-01 -1.269308675428083788e+00
1.951479636829686282e+00 2.026655019430193168e-03
-1.100236271293634882e+00 -8.033423619658511261e-02
-4.321629543533541673e-01 8.846610634960987429e-01
-1.343118622650346872e+00 4.486588577287680679e-01
-2.283520635435610374e-02 -1.276985146417728700e-01
-1.457947111989647215e+00 -1.351450569483471975e+00
3.941044455341459751e-01 -3.955907602223334707e-01
1.907903848767051325e-01 -1.316471890400561229e+00
-1.277974978768114278e+00 -8.086955526119119497e-01
-5.820002502708603309e-01 4.452900438658151661e-01
1.364594520128947552e+00 7.372201795046707806e-01
1.279673321728926005e+00 -5.107926917095109154e-01
-5.531127393646905199e-01 1.035302015331512004e+00
-3.799894216722585899e-02 -4.999323062649462801e-01
1.006907517987868150e+00 -6.650875080622242752e-01
-4.511445737781806797e-01 1.235363324911455063e+00
-1.218288709231864164e+00 4.440316768963799565e-01
8.701664020841267666e-01 -6.895730661112557947e-01
-9.855694309052982494e-01 8.127720966691201476e-02
2.180822024884810251e+00 1.578619817241950357e-02
-1.173293170163201671e+00 -4.050289099985375230e-01
1.667878556822810943e+00 -2.215883950497344324e-01
-9.790614227373371781e-02 -1.072516546719797015e+00
5.871046509893523835e-01 2.604230894844842492e+00
3.468616816274555648e-02 -1.714671291342421577e+00
9.025588693103387961e-01 -5.080594122271900881e-01
-5.717451324001771029e-01 -1.672594028805255706e-01
4.719025757804894416e-01 1.336414493291659067e+00
-2.118182490527161232e-01 -3.653396206833204873e-01
6.778298570602310225e-01 -9.779299933268960077e-01
7.358048105396363114e-01 -2.228349129493584213e-01
-7.122302903931673201e-01 -1.146178864851133516e+00
8.333015139601451793e-01 -5.031462817682443855e-01
-3.313127750987101550e-01 9.761065635839961674e-01
-1.872790960963828244e-01 9.271368255024102778e-01
-8.451970329767390933e-01 -2.346390649071716350e+00
1.025248524208689949e+00 1.242841518508887688e+00
1.490827018368852674e-01 8.191007289454835805e-01
1.235735867737009830e+00 -4.773315326777532452e-01
4.772823321382008710e-01 6.522979229608595331e-01
7.260594492317022919e-01 1.946438931050682886e+00
9.804260117205275682e-01 1.470168952634342885e+00
8.151186077505060412e-01 4.142436065269260448e-01
6.508388006415704030e-01 2.801845284956687276e+00
1.853299879199086675e+00 -2.096337868554713157e+00
1.263438539875087196e-01 -2.259974727918042436e+00
-1.961626280146283874e-01 9.677677592596746828e-03
2.400004634895993583e+00 -4.887351255062537536e-01
3.621239553178624559e-01 9.568088195598583034e-01
6.503273976342331952e-01 -2.778966461413208688e-01
-4.440051246356250259e-01 -1.095519637209719788e+00
3.732129585248009085e-01 5.508744439115249580e-01
1.886945909107027586e-01 -6.154774744113606921e-01
-8.787710131416368586e-01 -1.634262191207612069e+00
-5.592173770311920089e-01 6.348018399183152916e-01
-1.147458795130975151e+00 -1.177524438031399390e+00
-5.081456138833908565e-01 -8.375120502869415340e-01
1.874110470234430670e+00 -1.149294475413546457e-01
3.705448828431723851e-01 -9.645754740018966933e-01
7.978546831025793429e-01 -1.221433167812965737e+00
-2.858883467543094081e-01 -3.375801937380162321e-01
-2.062543770248043806e+00 7.081328091529419388e-02
9.719321249697513432e-01 -2.774663850807006948e+00
5.743053508156414910e-01 -9.268166464953477846e-01
-6.772489589800118059e-02 3.044261948625714420e-01
1.888842468388240325e+00 -4.137103361816640845e-01
5.905288688446921341e-01 1.051232831652477717e+00
-9.159121919157779679e-02 -1.012111634230803636e+00
2.079810977420240847e-01 7.732545366821413912e-01
2.508659340349718714e-01 8.055548148864648539e-01
3.629174409714685384e-02 -4.599447842678820453e-01
-8.233527482140869935e-01 -1.756320314946578254e+00
6.615900175653434412e-02 -4.990663667488172139e-01
-2.823818592532011396e-01 6.837322523107343120e-01
-6.567366883344040174e-01 3.442984148444667158e-01
-2.104599664542558812e-01 1.057314074045431346e-01
-7.205564781283952946e-01 4.509252280042682637e-01
9.938818048711819397e-01 5.026069383429075943e-01
-1.953879018105231902e+00 1.126291775746649959e+00
-8.567446016491325755e-01 5.136412379374701853e-01
4.220833186128185033e-01 1.519308637276228502e-01
4.487411692255576789e-01 -5.676103138799221126e-01
-1.953734920286287480e-01 2.151526548432415031e-01
9.661237013080555824e-01 8.205738109135869429e-01
2.540921063265840996e+00 -1.030814942987966054e+00
-1.074903063540001202e+00 -1.495764531980506185e+00
8.592737557200561538e-01 -1.031340492416241039e+00
-3.676781245574131662e-01 1.035510935879388805e+00
6.736799211849100466e-01 -3.522237418211811993e-02
7.125096571260491896e-01 1.896158442840142622e-01
6.630524463197757790e-01 8.648513062754501490e-01
1.640127266265225314e+00 2.366366907069100689e-01
1.111770912991730142e+00 -1.184259526517888350e+00
9.543155735692189223e-01 -5.244877502361153798e-01
-1.400788250223542475e-01 -1.140790128388665670e-01
6.416315601300310867e-01 -5.793282306954792293e-01
