-2.012880812345256398e+00 4.088098032624642442e-01 -5.455188910889945397e-01
9.355077823359386757e-02 -2.269780143481307189e+00 9.115144262553080690e-02
1.234243954019211165e+00 -9.016992812329710505e-01 -2.086167165463248818e-01
1.146012930008745601e+00 -1.353517508831540539e+00 8.287169809026939671e-01
-1.305097099877740252e+00 1.122987663363278932e+00 -1.631363377618732846e+00
-5.864521535591820101e-01 2.485391235995458026e-01 2.960831714201366677e-02
4.549733283808395368e-01 -4.182087920950235405e-01 1.355078801237076913e+00
6.758981598403489555e-01 -3.107728116475675373e-01 6.972645022316230623e-01
9.344601168333710461e-01 7.900215701567312454e-01 1.289061814026892128e+00
-5.546391349571923035e-01 6.121521890546622879e-01 1.122553329229067032e+00
2.661957229809941428e-01 -3.310781016079974437e-01 4.403282910003267214e-01
-5.617414383264902611e-01 -2.219334934962647887e-01 -2.971304319885677558e-01
-2.038818118529351242e+00 -5.226216284225503328e-01 2.867328545858482514e+00
4.245759299115320351e-01 -1.552566427598222887e-01 -1.651223834617513653e+00
2.162682132664539014e-01 1.646758060613227936e+00 -5.270049659335540593e-01
2.894690877550571417e-01 1.329680167354286402e+00 -1.027823754307411797e+00
9.353872979906482921e-02 -7.753750614660441798e-01 1.360515668243120091e+00
-1.013706117959634100e-03 -1.912151655605170975e-01 1.854401868841003553e+00
-1.008944356395412800e+00 -4.985679577676647156e-01 8.826242651406366324e-01
3.816464652697464377e-01 -7.420972068912138342e-01 1.067398527874073411e+00
3.575519684359302452e+00 -6.064790592768267707e-01 -6.108474991430967727e-01
1.336764690582186388e+00 4.402490419074087113e-01 8.820287079373443362e-01
1.115560669942007976e+00 2.492526253588408236e-01 -8.828539564169115561e-01
1.235559703395105347e+00 2.630913487224254554e-01 -1.106322683414630859e-01
-2.011388566187720106e-01 -3.721849528453061162e-01 -6.246422103489923661e-01
-4.532357646633849990e-01 -7.966464243709472925e-02 -5.367158614804717898e-01
8.632753212626996797e-01 1.371005979836941391e+00 -3.215158207729988393e-01
-2.389649767373873690e+00 -2.606374466250527266e-01 -5.260521903855266412e-01
1.537665831405287342e+00 -6.151185620342317639e-01 -6.915886732046558905e-01
-1.607319509680344538e+00 -1.748508972009349849e+00 1.087942529484719811e+00
-8.085648795517735854e-01 1.649381932626531766e+00 -1.087834910624039919e+00
4.392626850743760469e-01 8.151532134857699674e-01 9.056260251512695536e-01
-2.042981365160029816e-01 -8.688570169695527534e-01 -3.189200052642038874e-01
1.581360071453401517e+00 -1.046425780193195543e+00 -8.406833060020355575e-01
3.674245167954915958e-01 1.333538829465305442e+00 -1.221050845711110916e-01
1.415000027186205767e+00 1.703254906021513804e-01 9.118212665386350446e-01
-9.362101292954475573e-01 4.823466282580307629e-01 -9.078220904201796948e-01
1.145130085708927714e+00 7.747326674923926682e-01 5.841387498477719209e-01
6.342713276805809208e-01 1.005898104816665750e+00 3.198032455534439711e-01
6.693397460845535996e-01 1.689167272971866807e-01 -1.523184968552854512e-01
-1.162449693852737997e+00 1.639616692348961624e-01 -4.524896268358435392e-01
-1.025217662306401545e+00 -1.159689394203976764e+00 1.881450403928619508e+00
1.542320461300204171e+00 -6.854818275259619287e-02 -1.101186989184643750e+00
9.274611879424731198e-01 2.371482901224133411e-01 -2.435472558822401046e-01
1.255996770270078500e+00 2.882645091975861162e-01 2.462978825369847580e-01
1.742031578886638510e+00 -4.997673086915634943e-01 -1.225443925419119395e+00
5.088503889845858996e-01 -9.289464657796913105e-01 -4.437140923877175847e-01
-9.314369721506098321e-01 -2.728369488427853096e-01 -2.775542836362682175e-01
9.408082300966815748e-01 5.449568507730409017e-01 -8.902554081664753038e-01
2.171091816679213249e+00 -9.650080413058114148e-01 1.087736621993375286e+00
-3.397417769476072102e-01 2.306284592520308152e+00 -2.001843670386365681e-01
-2.969842106114605196e-01 1.217175696916265037e+00 -3.994389307894994495e-02
3.665352293729398081e-01 4.217007243897396007e-01 2.417087040609027515e-01
2.366743018995221881e+00 2.195743678631700835e+00 -1.098655621831969187e+00
-6.623258737194367418e-01 1.839078979634180613e-02 -6.158501388305431812e-01
-7.815519324536345236e-01 1.884735947601742789e-01 -9.905866636855624741e-01
3.835701274064424182e-01 2.474232498177099948e-01 -2.112834390721848310e-01
2.074448597251706605e+00 6.382573731553705665e-01 1.229974083040177302e+00
1.178927804945339997e+00 6.425766820031927895e-02 3.040234644385372831e-01
3.150778386192441549e-01 -1.608173885104943190e+00 1.007022728959180879e+00
-1.784652190001959626e+00 1.775028383257925835e-01 -1.492474541976866576e+00
-9.399185218860200974e-01 9.767723444874826244e-01 6.224312241725128425e-01
-1.466130166555824177e+00 6.419271392724846814e-01 5.045840743615895851e-01
1.584809107646454329e+00 -8.390006295179752716e-01 4.765458405101818257e-02
8.991305726858549174e-02 8.245998048528076219e-02 3.133230945261005207e-01
5.278175154983292261e-01 1.282971468886180633e+00 8.525950239824415799e-01
3.366874028304018274e-01 -5.434022599359792371e-01 -1.125588868853347746e+00
-5.101471234504092456e-01 -9.920792368421317287e-01 4.162757640507789292e-01
-1.741529264779952124e-01 9.380785852523542134e-01 -9.398454766531636473e-01
5.692867048527645579e-01 -5.199419970478214026e-01 5.315200082202845566e-01
1.086486083741298625e+00 -3.584356059563003627e-01 1.074954471941151457e+00
7.851364836571518568e-02 -3.222907911225908473e-01 8.419290696783306993e-01
8.039762270079647832e-01 5.065124007773767756e-02 7.332526520808531068e-01
-1.072185777398097090e-01 -7.578237191398634609e-01 6.017263337441981497e-01
-9.993872838192968677e-01 1.419361146490574876e+00 -8.252203525586555566e-01
-3.063606021687058645e-01 -1.180800749707834774e+00 -2.812105219727882854e+00
1.141379442279644829e+00 -4.638208003080069863e-01 -4.603409693425998261e-01
-1.065971846830639391e+00 1.033241721971477345e-01 1.357051447831967073e+00
9.919035434492352588e-01 -1.606828958404758811e+00 -2.186224860247352186e+00
4.478312234812660275e-01 -1.282160916162937259e+00 -9.502534375317182036e-01
1.406821438967544857e+00 -1.730596398301539551e+00 -9.100964773854764989e-01
-1.712158656789753985e+00 -1.214911189249077594e+00 7.877278811233530131e-01
4.309006586181012358e-03 -5.809449618979927593e-02 -1.352859158042262200e+00
3.146934702220059443e-01 2.200668287370998177e-01 -2.488753932010597580e+00
-6.688922245786167453e-01 3.818678058973688089e-02 2.203932506429290283e-02
-1.218473245804061467e+00 -5.689497263869244259e-01 -8.767430252178584071e-01
5.884998221310031724e-02 -1.488841988837176777e-01 -3.824769323709164420e-02
-1.829043962724840114e-02 1.631856426800008197e+00 5.276589984843119696e-01
4.402207178074615812e-01 1.223863549040216381e-01 -1.523504365661455751e+00
1.155844373855898777e+00 -1.017683579419747408e+00 5.823056546034851566e-01
-3.800949756657390766e-01 -6.372067775150567215e-01 9.546628982216323611e-02
-2.487797197578620334e-01 -1.777755676850929056e+00 2.451912216723938776e-01
1.085967371960325334e+00 1.528835894797283768e+00 1.696098522627393246e+00
3.074241980608339309e-01 1.769199839770328131e+00 -1.338488609415891872e+00
-1.073918078509683571e+00 3.746686780619513102e-01 -1.198183615218490969e-02
7.630331636229628622e-02 4.989951421674730936e-01 4.809297323887515851e-01
-1.231450460293959992e+00 9.124415597190207450e-01 3.958068235514002331e-01
-2.138638425875512894e+00 -4.464746468336138752e-01 -3.412315562103032107e-01
7.920970353153191645e-01 -2.922125029501485005e-01 -1.112272727340504197e+00
1.711717619975122284e+00 -1.122272066066483331e+00 8.002998366765658178e-02
-9.455534553033194678e-01 -1.084950954428977266e+00 -7.649120696066760150e-01
-4.980365015901762060e-01 8.558364926539533410e-04 6.523154341440353665e-01
-2.271601022796057301e-01 -2.126866015942520338e+00 -8.118683886584031617e-01
-5.775152013902701276e-01 -1.087054510398176355e+00 -1.004201695333885702e+00
1.118381087257461215e-01 -2.116773594192728147e+00 1.404480291841179396e+00
-1.606877143856127343e+00 2.018456436092757933e+00 -8.162282132281196700e-01
9.878048347084830150e-01 -6.937001010984195082e-01 -3.510806068823055792e-01
-6.885182518048726941e-01 -5.829163439396368718e-01 1.324954602565710404e+00
-2.590736188859916744e+00 -7.457292518833937844e-01 5.426637921584597235e-01
-3.812857283088544325e-01 -6.624663115421449699e-01 1.717240765503849520e+00
6.562631346766469864e-01 -1.120474833531995840e+00 -1.693664451444086172e+00
1.377033747574197831e+00 -9.642304070153319140e-01 -1.754603924028893536e+00
1.290218708710722639e+00 9.990387209816189440e-01 1.086385095414708069e+00
-5.241015973305273024e-01 -2.394632283239466752e-01 4.762924227694479984e-01
-7.141586721360269063e-01 4.697290510439582900e-01 1.984130879301406747e-01
-2.176351755071898320e-01 -1.366682091356549833e+00 -1.092262144103787636e+00
-6.213849211664640437e-01 -8.043101078184713426e-01 -1.281960824013582245e+00
5.245628467059892941e-01 2.579954939976346617e-01 -1.051292029343345868e+00
-2.633235964447404598e-01 1.625273555350358612e-01 -8.668685053283067266e-01
1.181947928050881336e+00 -1.419190522176426161e-01 1.623180212009396550e+00
-1.039508365878744289e+00 1.712977750993230908e-01 -1.135606198511653897e+00
7.704155892933376437e-01 -1.213471336928530597e+00 -1.940325503578674171e+00
-8.732959728613065575e-01 -1.076391434557932181e+00 -4.564680771908323498e-02
1.336095411775473751e+00 -1.148003202370413423e+00 2.318804841282136320e-01
1.127634341277561569e+00 3.063459797310748023e-01 3.821314325477254692e-01
-1.873001569421024692e+00 -5.224867679583478086e-01 7.011673797953130727e-01
-1.297588428413542827e+00 -1.216258290239292800e-01 1.581204036922595479e-01
1.706897252193495751e+00 -1.469188889063587355e+00 -1.531296574358028906e+00
-7.567207592901876723e-01 -8.785939129027071637e-01 -7.252434844918932699e-02
4.059345621694311346e-01 4.121561296667413110e-01 1.242989932243837581e+00
-3.890557172599060642e-01 6.294811003218774292e-01 8.275054180359050493e-01
-2.699879059229183476e+00 4.857082346135651041e-01 7.149082911000425034e-01
-5.392544736073391354e-01 -9.705392378722159652e-01 -1.683614142921254220e-01
-2.612189808498120436e-01 7.608980446967500422e-01 9.970327458155645584e-01
-4.565978835417802140e-01 1.961757562911972674e-01 -1.656818356845270568e+00
4.137347785011164514e-01 -7.811054731975863863e-01 9.766854713740255045e-01
-3.288097053070948572e-01 7.046279548544613913e-01 -4.444698161021048421e-01
2.835751396722857587e-01 1.509767746027998458e-01 1.364316142600320969e+00
7.531772866580492831e-01 1.145573649827181573e+00 -2.148353906009295156e-01
-1.508988372837870129e+00 4.486873930103336093e-03 -1.696008885116917719e+00
-9.007308820098555713e-02 1.932623410536406849e+00 -1.501694205095381651e+00
5.762760618304253457e-01 -6.897886614053181376e-01 -5.015779901982085898e-01
8.004492390415549607e-01 -4.136859672286457013e-01 8.224534965546963505e-01
9.679088972647236222e-01 5.236826158699684486e-01 4.014609505367964237e-01
2.792731538271642777e-01 -9.789410577845487627e-01 8.198984362580714613e-01
5.671398684150233960e-01 -1.582463667408084973e-01 6.412245794050801528e-01
-9.547869099801842285e-01 -6.315649970706760374e-01 -1.090897319483141503e+00
-9.731227755722464678e-01 -4.818517184107503487e-02 9.461030106937446948e-01
5.033481006112984490e-02 4.225225843494548328e-02 -8.573949652753963813e-01
5.690797152661527525e-01 6.251372279741151949e-01 3.620047821871521382e-02
-3.982059400286465101e-01 3.369025285998719643e-01 -1.140910608035246243e+00
-1.928625522718953267e+00 -9.346207990178737601e-01 -8.003632555409427862e-01
1.105919453157313270e-01 8.223175396310130614e-01 7.677593668709493668e-01
1.836311800276413830e+00 -1.141783582155181831e+00 3.809552366429006520e-01
-1.003972421280705296e+00 -3.972789387524452986e-01 1.123471125418928462e+00
5.640777920996512540e-01 -3.366714488778427827e-01 -2.521441141056610213e+00
2.389221887554857371e-01 1.068010487438870060e+00 -1.123569673593743268e+00
1.821773038827680380e-01 -7.663164827418499359e-01 1.479349367770560253e+00
-3.635027967789372094e-01 -6.149765970606929644e-01 -2.926717983645933663e-02
8.638483117499705377e-02 -1.013852761577772155e+00 -9.327909354090747618e-01
-1.438230424609158842e+00 1.636395608128592194e+00 -1.623984596360073196e+00
-6.561081067297507285e-01 1.717699617656711919e-01 -7.918681429152445439e-01
-2.704002241063718781e-01 7.920502545723284715e-01 -3.092668177710377608e-01
4.681003115296987205e-01 -2.486053442772428457e-01 -5.713159801241931568e-01
8.485259688523730803e-01 -1.882719639283420232e+00 -7.705244149198272607e-01
5.593623035666797083e-01 -1.349951919233200126e+00 1.335495565260417239e+00
3.918031037345160450e-01 -4.850961694214622755e-01 7.176679714714612190e-01
2.849349271783256921e-01 3.849304128454066332e-01 -1.031780614807059404e+00
1.278051461967128488e-01 -1.370472500721733766e+00 -1.195143542960337868e+00
8.087815244581021412e-01 1.187364242069809117e-01 7.034802133397545232e-01
6.789965180590478155e-01 1.987078493917576461e-01 -2.495552256867363816e+00
2.106285018584892477e-01 -2.087173162532300008e+00 -7.908747280499343058e-01
7.890317789132582360e-02 -2.296329602183254381e-02 -5.339903945118420481e-01
2.714869944383997424e-01 1.930050323924331179e+00 -8.887913653597581121e-01
1.004062567464148875e-01 1.099451606426763983e-01 5.340923882498640161e-03
1.171068486787772533e+00 1.420337533893553994e+00 1.640865273694692483e+00
1.158792670877332454e-01 -5.537614290014845064e-01 -1.305680231879608799e+00
-3.342067349208905913e-01 3.085563800986115268e+00 -1.796089767052702291e+00
-1.027815937906186167e-01 1.176292234984456231e+00 1.201287485592532178e+00
2.204418921368711093e+00 -6.383263249190926358e-02 3.056886069173083698e-01
7.446201782250904122e-01 9.962921374564704946e-01 7.515684543516447658e-01
6.259849904936951592e-01 -5.851333070232103140e-01 2.036794001572818646e-01
1.335017556142709561e+00 -6.935612007210096852e-01 3.878216335470320297e-01
2.439184698918037242e+00 -1.299190370864667043e+00 1.280054259822025031e+00
1.087397557746560439e+00 5.728505858087181712e-01 3.508618056952622632e-01
-4.158738424097472297e-01 -3.206952945526071463e+00 -1.502722731138870227e-01
3.180167231575360631e+00 -8.303869454284038554e-01 8.993713871429523943e-01
-1.058821355523432262e+00 8.663620524174399096e-01 -1.306880323532849664e+00
-7.363561729950097723e-01 -5.492953854257964785e-02 1.201440765379107933e+00
3.376130803652765411e-01 -4.142698105619080917e-01 4.368313424168461800e-01
-1.071334139964435828e+00 8.967596741411937300e-01 -1.097533142385755056e+00
-5.318239274263604210e-01 1.201490878158252951e+00 1.667201716632428443e+00
-3.084852915354903691e-01 1.290153042493473512e+00 2.163719870398524758e+00
-6.875538474928322152e-01 1.750566506067406658e-01 -1.215561946063189902e+00
-8.503389904309839320e-01 2.617224465664640953e-01 -1.058927553639684271e+00
-2.940740178571913166e+00 4.485766783137277169e-01 -4.809422935649063646e-01
9.280852166241646550e-01 -7.248782436085650094e-01 1.286153863625618676e+00
-2.935453874172576638e-01 -1.181478257964349909e+00 -6.012454241145192002e-01
-1.178361583536746915e+00 5.099370601645329959e-01 3.090931290873878412e-01
-3.304762135325474137e-01 7.577220033496631091e-01 -1.067227677709729816e+00
2.072835797300673910e+00 8.322657642945446854e-02 6.363019712241095860e-01
-6.949043351642092414e-01 2.281522389560413533e+00 4.732040230820818566e-02
5.743449250401612138e-01 9.582732635303288227e-01 6.492273197207317770e-01
-1.944737166473537171e-01 -2.201167948628568183e-01 9.163377708384299325e-01
-1.911055470396856748e+00 -5.613942418450310612e-01 -1.327603046197801229e+00
1.432377711402709863e+00 1.530005971560211009e-01 -8.906159107247908491e-01
-1.227992971052517951e-01 2.685493925628623102e-01 -4.898365171093614912e-01
-2.383123752229139303e+00 1.312153786273921430e+00 1.547026078887703271e+00
1.173129040907443743e+00 5.660300162867986096e-01 -8.752399335016975979e-01
6.924747633037853234e-01 -7.968434611072738871e-01 -1.201782030077493402e-01
-3.048828180668721258e-02 -6.500996060502406415e-02 -1.026802780764929590e+00
-5.878500630438405761e-01 -1.285447389982899147e-01 9.567200437909596789e-02
1.404246746567417770e+00 1.170134260981643193e+00 -1.639658576794145617e+00
2.026157332847846160e+00 8.658519438556316894e-01 -6.934898811600045399e-01
1.147189679284234431e+00 2.571089968808347059e+00 -1.144714319327221563e+00
-3.618152154853949143e-01 -1.222397484806437173e+00 -1.314125371724658375e+00
-2.340776960299375098e+00 1.038628296926737277e-01 2.750340765871948534e+00
2.050382576218239716e+00 -1.817648593881673602e-01 2.155220766499489071e-01
-6.983432841420004200e-01 -6.060170600216434611e-01 -7.257550268397379156e-01
-1.131368279277419786e+00 3.363580584708156240e-01 7.674846070983541990e-01
7.234296369200582388e-01 -7.185255269628986197e-01 1.633039205672684124e+00
1.536560590789650023e-02 -8.284281307080230139e-01 1.536157580006545231e+00
3.120601286021050802e-01 1.393173765919476059e+00 6.548770831518062607e-01
-1.379237460073974741e+00 2.226954526908029308e+00 -4.402331329663245474e-01
-1.019729368450724705e+00 -2.650524743586722298e+00 -1.178176062962478010e+00
1.262439720956473277e+00 -7.208809647513123586e-01 -1.907677666330034771e+00
-1.270788026541428861e+00 1.608659856517883346e+00 -7.149138237634440340e-01
1.753434917127442372e+00 1.232057097252701849e+00 -1.606892986229504938e+00
-1.346408077147406290e+00 -1.009615054363496967e+00 1.768648354295360714e-01
3.593083984688573256e-03 -1.987610328263132720e-01 1.538621503153212410e-02
-1.018675008714265751e+00 1.898486147439660376e+00 -1.661059805867848016e-01
3.693998693834712466e-01 5.431755672385097933e-01 -1.314040070067177046e+00
-1.148236432263568307e+00 -1.863077274968118480e-01 -5.685048621798004520e-01
1.014476344283003817e+00 -1.202076733159686217e+00 7.648340752436186829e-01
1.829863080603483683e+00 -8.881812981473647950e-01 -4.199819540143984176e-01
-1.381686604015523123e+00 6.883492926385854915e-02 1.289508055103253392e-01
5.227404140917329967e-01 4.263284828717449071e-01 4.685930946952987508e-01
1.401038131248294683e+00 -6.966158855377775627e-02 -4.139466153079198740e-01
2.188998724959972275e+00 1.145084130672229250e+00 3.036310326219929245e-01
-1.188228008380629142e+00 7.328403521614214045e-01 1.068631732364856868e+00
-2.626978335253400965e-01 -2.099337420790290398e+00 1.576032630314600835e+00
9.470698102753507541e-01 -2.397930123392331137e+00 -1.112466212163155665e-01
-3.871443329550753876e-01 -2.508892568364157416e+00 -1.188397729392182134e+00
2.786701816298236545e-01 -1.734028317439360700e+00 -4.424579635069622041e-01
-1.093629625415584394e+00 6.172348191873466838e-01 1.253244008474924343e+00
6.390532038875742504e-01 3.437997438764900937e-01 4.746922480703427705e-01
7.384358687308536506e-01 5.041974173128069836e-01 -1.604507826884989941e+00
-3.666892368896960686e-01 1.590955236854471044e+00 -5.886817373391084462e-01
-3.218181163506562692e-01 -1.286135762397919047e+00 -5.956280892110560332e-01
-6.012168888620955665e-01 1.567764027276627781e+00 -4.552962779785155734e-01
1.728527253429221755e+00 1.479336125168979166e+00 9.528317565056416694e-01
3.109895035074999869e-01 1.536751933615577270e+00 -2.114564474221876100e+00
-1.572001660050200256e+00 1.474511138944993194e+00 -6.104755826770642824e-02
-5.210713417245662615e-01 6.480896063849873601e-01 -1.854961621973390817e-01
2.095982521281462285e-01 2.763913317300327743e-01 8.420876320979834295e-01
-1.025175964252626581e+00 -3.036290603208168237e-01 5.592207985953204230e-02
-1.329016133666939548e-01 -1.048452168632798331e+00 2.490792726093053189e-01
-4.164311086151507579e-01 -6.272944860822388113e-01 7.775226153067802404e-01
-1.664716458974905944e+00 7.186502133111963841e-01 -9.410432523864394050e-02
7.058340116364518746e-01 -3.315128510903124215e-01 -2.702673234012168413e-01
1.270070419614044654e+00 -6.842347469218837408e-02 -4.104992091819628652e-01
1.031157740893919872e+00 4.598799467012961717e-01 1.195112113092097417e+00
-4.243999792846269159e-01 7.553406670297827530e-01 1.221060159021836872e-01
6.229260354099764863e-01 1.266875600528846624e+00 1.195923629504516805e+00
7.825253932917688449e-01 6.161556691806768793e-01 2.518990347188183043e-01
1.334702718338753868e+00 -7.043462250284218129e-01 2.765649333571949420e+00
1.444808982509715234e+00 -1.031753800170617241e+00 4.826195116294888510e-01
-2.441083833074543907e+00 1.227111899341724710e+00 1.145576492236023702e-02
-6.180499351026594868e-01 4.250886370874938924e-01 1.258944025523242916e+00
-1.921303849699420446e-02 -9.491769415362528717e-01 1.484492689932775056e+00
3.720214503728465072e-01 -1.850099391677370031e+00 1.239995047510819681e+00
-1.383380506205534877e+00 -8.254137551249401961e-03 -2.267898923939055400e-01
2.024908352736581596e-01 -3.085363859761694805e+00 8.629992881868371324e-01
-9.125674515033964651e-01 -1.496949425459855598e-01 -1.936641533213045441e-01
1.046742712855361468e+00 -2.234198685301707954e+00 1.165709913910240481e+00
2.823817908173399949e-01 5.409708107221186668e-02 7.434722374978171289e-02
1.504967577111284038e+00 -1.500056841964075849e+00 4.724206326696475666e-01
-1.006129339683708546e+00 -7.822491105967365188e-01 8.031813456328901202e-01
-3.920409880960569193e-01 -9.273439266353142862e-01 5.553443605649267534e-01
9.326130194634880688e-01 3.295647761400149478e-01 1.627089886059295942e+00
-1.319793561212979915e-01 -6.306719328719846418e-01 1.006107119427645857e+00
5.791220006931007136e-01 1.227051288585038202e-01 1.315030354459211903e+00
7.178284781506946155e-01 1.143855855931312115e+00 -5.693824228517667674e-01
4.807417952779183823e-01 -1.782602712800985811e-01 2.319443156946917828e+00
7.844073216127154247e-01 -4.377736217211634223e-02 -2.478663444716578956e-01
-2.025258117993446183e-01 8.924319577322847863e-01 -3.671767698735439039e-02
-1.434145360797158819e+00 1.322592908662675315e-01 -1.104747645953156887e+00
-4.340620715617583558e-01 2.452503422367494412e+00 -1.108467173421426644e+00
-4.500681174908136573e-01 3.854372108392447038e-01 7.190843945930830428e-02
-1.357445480739266630e-01 -6.749652743063131455e-01 -1.065821913142158239e+00
-4.757515362003587600e-01 -4.650779703982177438e-01 -9.548577171449076917e-02
1.404993410543176946e+00 5.730143566169903536e-03 -1.292720738920675849e+00
-8.887269384771011582e-01 -9.603673956139451295e-01 -5.088294915104381033e-01
-3.209285531065825814e-01 -4.002244081488365857e-01 3.618701099539970989e-01
8.639029949055919699e-01 -2.756328371858151050e-01 -1.062650594136547166e+00
-1.442964633051345702e+00 1.551254090186999557e+00 -1.208639076995853268e+00
-1.364587221309855547e+00 8.386107029552288816e-01 1.108456918490670517e+00
1.998228430964111402e+00 -5.331169064063675522e-01 -2.109946530228697936e-01
5.331968345507166473e-01 1.512917544807296677e+00 -3.449035856059866623e-01
-1.022433436501414494e+00 1.848853423407583074e+00 9.046191111029928678e-01
-8.532764392941326326e-02 -8.908583256537563333e-01 4.830020645632970844e-01
-1.034338460094592183e+00 -9.991805539397190516e-01 1.731400092578019856e-01
5.490227703640467860e-01 -6.632471152510596157e-01 1.385170099197698512e+00
1.279414189568104376e-01 1.109813516316830562e+00 -8.914789029710280532e-01
6.988534274736580842e-01 -5.747379442099562752e-01 -7.246713051744289869e-02
-1.680145235399747694e+00 2.136923719233610741e-01 1.154733589880666322e+00
3.171150389495519528e-01 -1.430550233864982923e+00 -1.046097394625870869e-01
3.335900130633727145e-01 -3.779631691063540799e-01 -4.846223319501262172e-01
-5.486467538951516065e-01 1.423843153953328944e+00 -3.401794138852990979e-01
7.870612670746590656e-01 -1.694387830855429433e+00 4.258498177594501888e-01
-1.818965126192654061e-02 -6.939127045896749113e-01 -1.220616608947483028e+00
-7.184295791527327557e-01 -1.096779188619507517e+00 1.240463494950600598e+00
8.173634311356567927e-01 1.681376789491723533e+00 -4.354331237325562154e-01
1.202945523855509791e-01 -1.186039141770343752e+00 4.400392190334637132e-01
-9.176640630208861005e-01 -4.046166743301737867e-01 -3.237926373852902384e-01
-1.365677879234079850e-01 -1.334755450329378812e+00 -9.491716900283811986e-01
3.429947310731786270e-01 -8.147890780158328905e-01 -5.285256089049724659e-01
-7.152976249306831624e-01 6.610227283634354523e-01 -4.123761948254133641e-02
-1.469862937473963016e-01 8.652417494726513114e-01 -1.053693528316456129e+00
-1.476928199640064054e-01 -5.353598895609664732e-01 7.794582361513573421e-01
-5.061487785625651270e-02 -8.759167084780052903e-01 5.364806390002685443e-01
1.043975031750518978e+00 -1.280332207163927594e+00 7.968561405597722747e-01
-1.018850959047794769e+00 3.819755271375048777e-01 -1.056052942274169126e+00
1.728950405226401088e+00 2.705127007059830446e-01 -2.118068068766211898e+00
7.448906952213739663e-01 -1.017947016461576482e+00 -2.092058801869042528e-01
-3.848166277891427178e-01 1.069160422555256007e+00 -9.847340672515473292e-01
3.780289629922115036e-01 1.801314553152352449e+00 -5.744210877113690161e-01
-7.228739688339868019e-01 -1.278379293511852088e+00 3.957098349722663888e-02
7.570484605714690174e-01 1.219163320948954271e-01 -9.415600639357543100e-01
1.065651733855709632e-01 1.853317123397060506e-01 3.166198240660671459e-01
-2.548362701646798567e-01 4.262327661057324635e-02 -3.055850588457583727e-01
1.569104639147323343e+00 4.647563062872373529e-01 2.996121273723729300e-02
5.107144002166658092e-01 -7.671214295087861457e-01 1.363538136525970501e-01
2.684322066451143018e-01 -1.044840891360919288e+00 4.962576160343803444e-01
-1.566706130476405168e+00 5.620611512369454443e-01 4.658697843007791883e-02
3.875779843169711580e-01 8.233883128454737577e-01 4.435387808881689486e-01
-3.210232037201694033e-01 -4.130045059079436309e-01 2.565339312718468712e-01
-1.964211490554811645e-01 7.754432118984517786e-01 1.560651550133969057e+00
2.411784637686028576e-01 -9.825832832340953837e-01 5.401407846837922300e-01
6.643234889703338863e-01 5.469756076109321130e-01 -3.147610430382268287e-01
1.397077692720144038e+00 6.134089488134249896e-02 9.500854944340351160e-01
-1.893155446489054039e-01 1.919909421518903203e+00 4.988528252725880630e-01
7.126125809364347585e-02 -6.421315349814628037e-01 -3.372577231653327012e-01
2.303214046208046095e-01 -3.401431782711962781e-01 -8.666378574918784938e-01
8.407506316484608666e-01 -1.573918087506440244e+00 -1.085158060700871285e+00
8.536309341998864209e-02 6.555923376209590314e-01 -4.605745197455562434e-01
-1.450497206994294519e+00 1.779958231057578166e-01 -5.744853261263461741e-01
-3.495232152507251611e-01 4.063360359278357925e-01 -1.203031231212926544e+00
6.923775923485023798e-01 -3.381676253202951510e-01 6.166397451549177067e-01
-6.500259889638653199e-01 6.901798311555211451e-02 -3.215310239118476798e-01
7.771025984418776511e-02 -8.620758806144036557e-01 -6.829930362902473240e-01
-5.785628676983013696e-02 -1.405979040745571229e+00 1.340150862461019665e+00
-5.030647378278332305e-01 5.843482850886558833e-01 8.567296671058129143e-02
4.760896438621022853e-01 -9.729627111942455719e-02 -3.724628981318074961e-01
3.338033715557465753e-01 -2.385196212159858553e-01 1.607691110758287800e-01
8.681454365645726590e-01 1.337564825825573234e+00 1.936888646379861134e+00
7.882769120413523067e-01 3.143581375671496980e-01 -1.184565367065632868e+00
-8.961237183342851687e-02 -2.840299192164805198e-01 -6.823930594661751226e-01
3.530898773971734017e-01 -6.531131002085630577e-01 4.310862350833243317e-01
5.769432010364019536e-01 -2.408272057804895283e+00 1.138288505224604036e-01
1.052932132455603131e+00 -9.531655615344303278e-01 -6.966519777015673931e-01
-3.518476176477616235e-01 3.275825079163589004e-01 -4.736423290934072550e-01
-5.958223966541716932e-01 7.778652363470779374e-01 -4.822179972018299510e-01
-2.620371483070694230e-01 -3.690952720512321039e-01 1.203574467306770847e-02
-1.357509298866448055e-01 6.052138256990615695e-01 -1.149264338465079582e+00
-1.017981238849498871e+00 -6.559762768478167860e-01 -2.057914013415903520e-01
-1.186133396449890132e+00 8.256515428611203855e-02 -5.780093436643084226e-02
1.688699974868059228e-01 -3.624806366237769972e-01 8.105241157358938908e-01
1.002262890496684378e+00 -1.669109731489468729e-01 -4.677274181993593682e-01
3.980185185211974029e-03 -5.824746769269766311e-01 -1.739987529402828303e-02
2.501822206228749845e+00 -7.786959836647184829e-01 -1.350030651253684155e+00
1.533261704880076702e-02 -7.796639591260325908e-01 1.702784473211482186e-01
-7.339706407440237390e-01 -1.195069123851218329e+00 -5.652518192992233015e-01
9.164815015673917209e-01 -1.161707059281031018e+00 7.349204786904455222e-01
-1.939151931955113706e-01 7.991958925572257844e-01 -8.175448227890113051e-01
-4.462019399938560449e-01 4.373212306239885327e-01 7.970564970850070596e-02
-9.601331249429096992e-01 -6.983742293116219635e-01 3.265701868747286629e-01
-8.806808872780964859e-02 6.243902813204533775e-01 -2.421383581425464449e-01
8.366637333040930491e-01 -3.295884599888688204e-01 -2.699032644828348593e-01
1.141758930456121091e+00 3.468043189980457019e-01 -1.401342624390601754e+00
3.036526974074858498e-01 3.076485560199605507e-01 -1.048971666077568865e-01
-6.582562479779980880e-01 6.177987086289563612e-01 4.163025241701994172e-01
-9.255728331638927997e-02 -8.263086749513920762e-03 5.152240982478665243e-01
5.745285905097878842e-01 1.619063560297603344e+00 1.487185253284047715e+00
3.916445992776307339e-01 1.090561247512550791e+00 -1.012961803187084620e+00
6.190821313264861514e-01 -3.450712413431119563e-01 8.847680864228467668e-01
5.697182960685487352e-01 1.722246883739638468e-01 6.317993991549730737e-01
-2.117758439926462177e+00 4.987101357165525661e-02 1.563121708512560160e+00
2.266591449639543121e-01 1.605655943058690749e+00 -3.542211020303731583e-01
1.479759271883627436e+00 -5.370092391836592816e-01 6.188324628337049660e-01
-1.841310538390623641e+00 -1.364945655140457292e+00 -8.679858352831808510e-01
6.905380071895519389e-01 1.428329593933148178e+00 4.678283324508842322e-01
-8.546009797963617372e-01 3.407844690726301584e-01 -8.546017782644109717e-01
2.890686641552330793e-01 -6.509876483761223298e-01 -1.065080076024061517e+00
1.736020610262163921e-01 -8.934699091035482044e-02 -8.967459001449819000e-01
1.532341726608781540e+00 -8.018187075111107287e-01 -2.297564785042155666e+00
-8.960048190529334988e-01 1.229184843739467681e+00 -2.203331412646935550e-01
-1.938696920233003440e-01 -1.449518054368912137e-02 7.150758439116454424e-02
-1.109106486207865894e+00 -4.761738399511200592e-01 -5.815243708946922219e-01
-4.951328552635568259e-01 3.980261424278132010e-01 3.678863926173545629e-01
-1.400199616186275975e+00 1.386262791776308623e+00 9.724761801749438606e-01
1.138285599544559268e-01 7.989409138023195744e-01 9.916860899090876869e-01
-9.550918878451123417e-01 -1.754767711192720014e+00 5.883530404661139190e-01
1.211052196960397259e-01 2.962006325156110731e-01 -9.286075325405813707e-01
8.791732584200977326e-04 1.193130914916468339e-02 1.375677258347494547e+00
-8.678131173621205230e-01 -4.473652253917430044e-01 -6.093280276785451033e-01
-2.376483908153678715e-02 9.469249911128034825e-01 -7.701123499234543979e-02
-1.490393465613784330e-01 3.601312659623560064e-01 1.966775933899513329e-01
3.902224574081765152e-01 8.264255873880083092e-01 -5.273154001162438931e-01
-3.584680741125160219e-01 -2.170398098753985039e-01 1.958450228789908820e+00
-1.361454042908003093e+00 -1.187578809416868220e-01 3.665733560463065310e-01
3.037860162453725477e-01 2.758276616468913645e+00 -5.662861814322006637e-01
-9.628412538171944313e-01 5.933237585690125104e-02 2.732265784168711464e-01
3.109300152754981283e-01 -9.380271364961202674e-02 -5.493601523783082641e-01
-9.823987770903394035e-01 7.219075090756302826e-01 -1.657901308416680042e+00
-9.052389805993423799e-01 9.881099832715764530e-02 1.706574491469282639e+00
1.609963969351460467e+00 1.864636527497694374e+00 3.606316767446201554e-01
6.310718455709667385e-01 5.479250296739252013e-01 2.643527264529897947e-01
-1.188357079159601204e+00 -7.026487163758771137e-01 2.000180884822126526e+00
5.279484174229767124e-01 -9.063681951232778200e-01 -1.108618243442336171e+00
7.506849232009976669e-01 1.399335496600241813e+00 6.214334205489183693e-01
2.596685561701831957e-01 -7.954792698616729441e-01 5.072166198994092490e-01
4.054428534821665209e-01 6.541528303772266018e-01 -2.383751476831580118e-01
1.938392970128587578e+00 7.813211136189689432e-01 -3.904284155488171315e-01
1.463682000864671151e+00 -1.307034930203699652e+00 -6.356571563727241025e-02
4.296047426599869379e-01 -2.533058485609028243e-01 2.088586418589653437e+00
-7.037043369995735764e-01 1.382493893824056741e+00 -1.170346692660790833e+00
7.748363493610141428e-02 -2.587626735765151675e+00 1.114293754381207174e-01
1.525294181599002430e+00 1.053200544031689168e+00 -5.704232650268408200e-01
6.237251972110438025e-01 2.209276710674301647e-01 -9.827197289079340203e-01
1.619109689598001278e+00 2.747379322942192781e-01 -1.106136647494805891e-01
5.962160418294798481e-01 1.098662451765054282e+00 -1.276691558879184507e+00
-2.753684299890008513e-01 -7.968816285114246334e-01 -8.327913160251850799e-01
-1.275716554931878743e+00 6.871908092066163487e-01 9.665441163991952411e-01
1.677208714089389652e+00 -2.944354882322894329e-01 4.509317921245092897e-01
8.132328866969755765e-01 -6.494352349293024407e-01 8.603077828905724145e-01
5.919778621922147099e-01 -8.563372689611220556e-01 2.067801085458508548e-01
1.695424565311204335e-01 2.732033704030930599e-01 4.103046427227220461e-01
5.137648259571380160e-01 2.128815845848747446e-01 4.564993141344567684e-01
2.189646415981378880e+00 5.115215142754488964e-01 2.355690507294862235e-01
-2.244610068320134766e-01 8.099699390708203772e-02 -2.604719129226261032e+00
2.800998138825750994e-01 -8.657715169148953727e-02 7.774714364904796726e-01
2.275687877247033752e-01 -6.274783027228039711e-02 -6.346943406613646532e-01
-1.572023936650542020e-01 3.327620905060473810e-01 -9.375852514631709544e-01
-1.435430561363617130e+00 -1.418003011888527176e+00 1.324103419640445756e+00
3.488701903872363785e-01 4.597184137008900051e-01 -3.590365715993124596e-01
6.336121057209181950e-01 1.255961430281005820e+00 9.578321069231364726e-01
2.114094684766309740e-01 8.997642594538778349e-01 -8.685665552804081591e-01
6.328862886141157773e-01 3.303130242404554440e-01 -4.459134633115254265e-01
1.263454869120274049e+00 1.389243312631092131e+00 -8.689202591610992732e-01
1.028499355768863754e+00 -6.370117866428178788e-01 -2.148888198415358719e+00
-1.697135517425737206e+00 1.423881085422434412e+00 -1.440168157243715497e+00
7.432553967956271324e-01 -5.841720965400070131e-01 7.211509207526223264e-01
1.456649297382487940e-01 -5.715390827713081601e-01 -1.778047229748779934e+00
-5.119377801055915445e-01 -1.762092706292960997e+00 -4.561711987789365819e-01
-7.988744498954779560e-01 -1.569708396872031564e+00 1.911208008781124290e+00
8.280002488313613629e-01 2.395370619528095213e-01 -1.600606573906988572e-01
-7.429681296255657985e-01 -1.815591526779373410e+00 1.648896546374202687e+00
-1.821524417213215008e+00 -4.861421251027767121e-01 -1.332480886250453800e+00
2.259066607398460269e-01 6.217667089838541106e-01 5.145289483176740397e-01
9.569692578580146769e-01 -2.625436294674848847e-01 2.332522738702435650e+00
-9.868580912662221483e-01 -7.879213116530707495e-02 -1.329653512217543909e+00
4.755283927537630184e-01 -3.988299186054820034e-01 -8.747099390916954764e-01
1.863763056243483707e+00 -1.241614762540123484e+00 -5.786371789614065675e-02
-4.324501411829191899e-01 1.216815002708710347e+00 -2.616630878577241304e-01
1.038358492186967741e+00 -1.336043874791464636e-01 -1.003323442830205581e+00
-2.270407139638322136e-01 1.275087107231140937e+00 -6.527127338329927753e-01
1.320672918622946557e-01 1.702956385488494817e+00 -2.156366081814947488e+00
-6.952957600468412380e-02 1.765438381722390371e-01 -8.149914082979735630e-01
-1.945732129739526917e-01 -7.571872225228682973e-01 7.994124545666013715e-01
7.890703264446971010e-01 3.215789617187725935e-01 8.061753314581869556e-02
1.709016357013035003e+00 -9.345974145635630448e-01 -2.092788849839693821e+00
-1.056211338256855425e+00 -2.199191373845940323e+00 6.197242576885420018e-01
1.727017173041111464e+00 2.799406153797845062e-02 -4.587605429956823078e-01
-7.149547720652839056e-01 1.280510976296923120e+00 -2.043690917840012278e-01
-1.006367416327302866e+00 -3.949833687031574225e-01 -3.156331180813539694e-01
1.103862522881911223e+00 8.195038929154315754e-01 -1.171899975276329275e+00
-9.776899042035973320e-02 7.315409026763776412e-02 1.359455002014917424e+00
9.905104057736414946e-02 -2.260809325317287399e+00 8.838477177825320164e-01
4.956669126442775353e-01 1.268978183332625909e+00 9.587911583042010299e-01
2.142213956313477663e+00 6.623799834009186371e-01 -8.210214972252667387e-01
-1.951352166770538688e+00 -2.489088259719140703e-02 1.030348459325011179e+00
-1.266712727320391807e-01 8.575547624421595017e-02 -6.320767372437896547e-01
-4.857985536865452869e-01 5.063977276336198985e-01 2.420582149823369278e-01
-1.159002007662933265e+00 -1.565831713548491710e-01 5.698041780142453216e-01
3.667950864548170653e-01 -9.309614657860423304e-01 1.460329211375283931e+00
-8.981479005895902645e-01 8.631681240244869491e-01 -4.737327359228167833e-01
1.111791610273078934e+00 1.240334240499637142e+00 4.839361237213790079e-01
-1.371106396590547671e+00 -1.457549220932976564e+00 4.293806478599520096e-03
8.635684639623153469e-01 5.952294981896927295e-01 -8.448434083327939215e-01
-1.035744597249172338e+00 -1.105609606949526702e+00 -1.115570378421354203e+00
1.368272803289167339e+00 -7.224416721806550257e-01 -6.294802263060491621e-01
-1.178311142656019994e+00 -2.268771566469800563e-02 1.995936035770378147e+00
9.377490875766332501e-02 1.751054863155847352e+00 1.837818987347328070e+00
-6.193861033261336413e-01 -2.257700404187390042e+00 -7.040864168254917788e-01
6.330401136702765719e-01 3.349248753834987991e-01 5.784114254526065979e-01
-1.021954114640554745e-01 5.105228742329815939e-01 8.271067450560105616e-01
-9.984853586262435465e-01 1.059463525575288445e+00 -2.828715732860279441e+00
-8.078782063724815332e-01 1.486268219880346075e+00 1.737547203074774504e+00
8.058419632276596634e-01 -1.845377950223751284e+00 -1.212345763200625370e+00
4.174120042519733481e-02 -9.748435800579346999e-01 -1.570820291448837613e+00
-4.541565564949193723e-01 1.370729455744619685e+00 1.686791242062752216e+00
1.538548743781078532e+00 -3.251403738586761683e-01 8.775272000370657466e-01
-1.434764252864840328e+00 1.171322856503732357e+00 -4.044079096195201117e-01
-4.942133006300937770e-01 -2.053286876069377875e-01 6.507551785352754248e-01
1.472161371769115767e+00 8.961241229388358098e-01 8.275930792237212730e-02
-3.308584374664917949e-01 -1.701363477082697306e+00 -1.765066913278483529e+00
-4.498650390039005131e-01 1.674852143595756127e-01 3.337124893170621553e-01
-5.048175816304816266e-01 -1.115433682731133136e-01 6.736291060622759952e-01
1.066060641111303164e+00 -9.162113707372546711e-01 2.377740481434376663e-01
1.021359795047166230e+00 -6.652051878347213787e-01 7.901241904568390151e-01
4.436508446025646535e-01 -7.734577131089306334e-01 -7.712323045621308770e-01
1.837144491408989333e-01 -2.801202919824380411e-01 -9.939133706822048664e-01
2.575305197271822166e+00 4.524708306995553486e-01 -5.202841452445420289e-01
1.910728398230978342e-01 5.454235501674600251e-01 2.361492636190896999e+00
-1.356178294527216943e+00 -1.418141802968707177e+00 8.279319379271239399e-01
-5.601798326144769025e-01 -1.308716116770776372e+00 -7.560637008709222284e-01
1.290355859049969467e-01 1.488578716776647770e+00 -2.743949709076511922e-01
5.525662115624735415e-01 1.227455346347027243e+00 5.054629565315614803e-01
-5.482948734114672512e-02 9.870684798420862327e-01 -1.177352923194371792e+00
-6.608463972972671296e-01 -7.397937398434809575e-01 -7.563147063305806217e-01
5.158533443635325844e-01 -2.249862008867592245e+00 -1.243461331838206396e+00
-3.936723772312682446e-01 7.032584641621385524e-01 -1.138944086763702179e+00
-8.860169150851938680e-01 -8.070326728367616109e-01 9.838480035424600201e-02
1.026363744782180509e+00 1.198465398677071470e+00 2.117341813699511466e+00
1.606940208015784854e+00 -3.556803048477267248e-01 -5.349888806282756537e-01
-1.975280361415568731e+00 -2.378396491311881800e+00 5.351440968596716807e-01
-1.806080518585611305e-01 -2.707339896824296210e-01 -1.848091411863583833e+00
1.531740991020573706e+00 1.023551596677980013e+00 -5.223862203387610315e-01
7.429187682273444837e-01 4.409030295995675086e-01 1.411710825211729192e+00
1.440838997277407385e+00 9.510807789115229838e-01 5.218949984606101600e-01
2.092713573284327722e-01 -5.276994137243966598e-01 5.632265957321187511e-01
-9.861412412872879729e-01 6.844957603055072948e-01 -9.126551508905050847e-01
1.036053464592015638e+00 -1.260955795747024932e-01 -2.306727284580077253e+00
1.552358358174885378e-01 1.836352835467507660e-01 3.217991968099204736e-01
-2.036638113703672093e-01 1.538013243511494599e+00 3.717000464067826693e-02
-2.083959334394780427e-01 2.809641510433043554e-01 3.941340594781141404e-01
1.072838260332044547e+00 -3.003231308199917904e-01 7.618876507194409786e-01
5.047995417259288908e-01 -2.013539574966794810e+00 2.354170632826994014e-01
2.988675747350288403e-01 -2.072758189656486394e+00 -2.927200488655619104e-01
2.520703959091816215e-01 2.078668781773893581e+00 1.787253411906209455e-01
1.416455349178593837e+00 -1.028207083048552573e+00 -7.781234514406887293e-01
4.806450909611909017e-01 -1.328051693627614882e-01 5.068298414416531894e-02
2.729759089135577743e-02 -2.033060009977932570e+00 9.441074243246017073e-01
4.971672364818025547e-01 -7.634541284414366746e-01 4.390283602356283010e-01
-1.791881830080651467e-02 -2.341903548967541937e+00 -2.065919265660264958e+00
1.339601827348194441e+00 1.463597424392192980e+00 3.658865848228995410e-01
1.090446516436069047e+00 6.918216840910335064e-01 -1.296545853400149273e+00
4.641319408248039124e-01 -1.717117457734743113e-01 4.804816352020750414e-01
-3.849865866914446537e-03 -9.322540875633941737e-02 1.140358258821783988e+00
1.637969336370247997e-01 -4.215570384039981633e-01 -2.453425559342632123e-01
-4.595329852614982724e-01 1.374854412319834518e+00 -5.422392180823056851e-01
-9.601764081930725947e-01 -1.983623655790834606e-01 -6.265957159279877953e-01
-1.730550082214335206e-01 8.393067804304517043e-01 1.774746184354889733e+00
1.752514300269005232e-01 1.542065513950170219e+00 -1.494687978133095285e+00
5.319255811077050478e-01 1.488764418219211683e+00 -4.757510512960070326e-01
5.041556685883207267e-01 6.385328098264965169e-01 -3.375023782880471890e-01
-4.571844209372800671e-01 -9.841712993595721493e-01 9.026055759675888357e-01
-9.996576055867606447e-01 -1.007695010114852296e+00 -2.361531789046760199e-01
-5.059712878050661722e-01 -1.057019240708959806e+00 8.165586652993657157e-01
-1.097138235770780623e+00 2.825009255838758504e-01 1.239589880507456998e+00
-3.575926714095731263e-01 -1.764554104080960029e+00 1.926301626642358933e+00
4.880415970010705817e-01 -5.567621022770055106e-01 -1.600304470030559756e+00
8.685654121490943291e-01 -7.401570852445918947e-01 2.494862733390616066e-03
-2.880491615387881787e-01 -6.745225082669465966e-01 -3.096092572364866347e-01
-1.905091138589302679e-01 -8.116673975138408714e-01 -6.300315650338870199e-01
-5.461468467944629035e-01 8.716528539254632113e-01 -8.832130306008645348e-01
-2.290684490542685747e+00 -1.186227699098804989e+00 1.040689263194697123e+00
-1.293079426516192454e+00 -9.149604283257760373e-02 -6.104520129544944718e-01
-8.596130692676253737e-01 5.656117293585768979e-02 7.669362296541086532e-02
-5.751620799363135195e-01 -9.739969496788336567e-02 -3.875782957417654995e-01
-8.448116006093031594e-01 1.043957321333187416e+00 6.743379001774004733e-01
-1.711708581902955384e+00 -3.693358892994962756e-02 3.881434613506256626e-01
1.597144032987545259e-01 -1.015330283519620957e+00 3.000999565898258004e-01
-1.147548358165930482e+00 -6.157589010875619273e-01 -1.408860598102687378e+00
8.156864256622208265e-01 -1.529922177512847981e+00 -8.959717109615111807e-01
-8.752264039094806991e-01 6.383380325015126922e-02 9.440504965989227060e-02
7.639010226122453506e-01 -4.797676023620002783e-01 5.295138529851339815e-01
-1.694151167370776090e+00 -1.293346013928532434e+00 5.579110766071395666e-01
1.069984486612016283e+00 4.053952381346540013e-01 1.765647085946979722e+00
-5.510864400736494861e-01 2.350598451820643753e+00 -6.133696155801796612e-01
-2.684108967712501084e-02 -7.889256807638197477e-01 2.850378193047236608e-01
-3.877238039312275175e-01 -9.429488326432937384e-02 -8.578646504595074385e-01
-9.345437084775862768e-01 8.956588627488174525e-01 1.006566378557973984e-01
3.270865777527701690e-01 -7.090041124891438562e-01 -1.881049014485953325e-02
2.600883653396589557e-01 1.224081766609003585e+00 -1.472791075285013296e+00
-4.197334976977947218e-01 9.386259137337541469e-01 -1.077203815803786935e-01
7.675476064435411416e-01 -1.543421249097643333e+00 4.304888775825904124e-01
3.206717633399350564e+00 -1.051591069963185854e+00 -2.113081971578533835e+00
1.181001008059133328e+00 9.702700432625224192e-01 3.860655734114853410e-01
-2.520949745983347978e-01 -6.511145511108662465e-01 -1.889763083960055157e-01
-4.064621043897133634e-01 1.211493578217459399e+00 -9.605957945968965905e-01
-1.508514093762492347e+00 3.028146563158157223e-01 -2.485255871297553654e-01
4.691371106284213804e-02 5.985550861440106507e-01 -4.336456674209100415e-01
8.673733339477115445e-01 4.953089397613023026e-01 1.928362025653151401e-01
-5.979938891934193368e-01 -5.537836222246153017e-01 -5.120046182260503675e-01
-5.079209846186308885e-01 2.387914159993622665e+00 5.387758709839780558e-01
6.334101789907539137e-01 6.871131590458102734e-01 3.103636749767089698e-01
-1.066131409501718919e+00 2.662034091371072719e+00 1.453925765961546490e-01
-1.006422469475299675e+00 -3.568261761017083034e-01 -7.015260691020009931e-01
-5.531159488930704748e-01 -1.941900815027790272e-02 5.745802420970802515e-01
-1.394875219336689343e+00 5.090039826364806813e-02 -1.420525577939914186e+00
-1.958786463332101713e+00 3.867377700863785517e-01 1.747481474981848137e+00
2.448972817591444640e-01 1.796659141784397451e-01 8.432109246603627928e-02
8.935249983201875024e-01 -1.223173864682913781e+00 -2.215884811596559659e-02
8.387721719676803911e-01 1.461994444731649079e+00 -1.108494434956285746e+00
7.965073808477061146e-01 -3.773860865485982319e-01 1.208135212288881100e-01
3.140147973910921153e-01 -1.938916020305985866e+00 9.474300265501461871e-02
1.927722983955376224e+00 -1.396169948324866850e+00 -1.843405137168297347e+00
-8.314474367078585892e-01 2.423945102487313347e-02 2.871076594923505643e-01
-1.326076078588010354e+00 -7.603160881630539880e-02 -6.439955392867868778e-01
3.959567086038923156e-01 -3.598074139904239854e-01 8.442009006260042803e-01
8.123839175463980211e-02 2.031556609124880008e+00 -9.692822246324398483e-01
-5.437857497993636713e-01 -4.984596601671785199e-01 -3.323591166129544749e-01
4.969877644035273767e-01 2.367337938763637295e-01 -3.811362587666924373e-01
2.067280097503140013e+00 2.493997106756592683e-02 -6.354397430317335616e-01
-1.231650522748571674e+00 -2.206678732374922347e-01 -1.510724458132582659e-01
5.315189863695076733e-01 1.691926125912108114e+00 4.439898500078169885e-01
-1.800923578411900650e+00 -9.167120423752228575e-01 1.023880081159472599e+00
1.912014775638011255e-01 -3.068763075527519701e-01 -2.247033889791381522e+00
-1.676198895631407115e+00 1.638651920011070795e-01 4.973076334959744549e-02
-6.044754070860716144e-01 -1.473925295364912902e-01 9.806407922258375542e-02
1.353157026802717322e+00 -2.960653896647205130e-01 1.337382192668906677e+00
3.582984154497627638e-01 -7.295143602266136451e-01 -3.041881600730572677e-01
4.495104740361293150e-01 -4.692957631215400882e-01 -1.568854607293813652e-01
7.305497152777972181e-01 1.096374275019491584e+00 -3.824582340093828359e-01
-4.610181886140417018e-01 -1.043922538136154543e+00 2.638827428431569366e-01
-4.840582776347880922e-01 -5.315015539105429898e-01 -6.789028994255080773e-01
-1.107882924567108684e+00 -6.487080412989852940e-01 4.241471967591299852e-01
-2.196969013342691124e+00 1.284295030276235927e+00 6.221901075500591016e-01
-1.433609423901404667e-01 -3.764310562062724297e-01 -3.248463377630540272e+00
7.149353531257477412e-01 3.395706152061434002e-01 6.104001907389864368e-01
-5.790933236104012227e-01 6.940531454813688716e-01 -3.766061255058659740e-01
-1.439322553036455621e-01 -5.350287783786854962e-02 3.085864223578959065e-01
-4.965149962107573423e-01 -5.363206227284900152e-01 7.760475583043930925e-01
1.443459339672369168e+00 1.237730108099687198e+00 -4.185857717382145404e-01
4.566602602353985185e-01 1.120109324142250840e+00 -1.694668617060486548e+00
-6.568352234025878200e-01 -1.221069018590504207e+00 1.924821413921195434e+00
6.474430917999641766e-01 1.087410331184500034e+00 -2.991448229800434122e-01
-3.275508504805993981e-01 1.582384275627765069e-01 1.534865334487868216e+00
-1.293377179964193824e-01 -3.071630842738163891e-01 -4.144205868076238364e-01
-7.358667428719304349e-01 -1.874375175089255663e+00 -1.348262442872745492e-01
-1.877519502286962849e+00 3.201330562496811083e-02 4.681402316572866873e-01
5.378103572107126307e-02 9.543706314283810499e-02 2.875424545020162093e-01
-1.129475644413283852e+00 -1.839308112943554008e+00 -5.082100801294647807e-01
-2.071708585887423570e+00 -9.011163297870777855e-01 2.252685253726071757e+00
-3.908887175066171893e-01 7.873980587334864500e-01 -1.112057097438946762e+00
-4.409449109046363890e-01 -1.971650815192513631e-02 -1.354568350798973642e+00
-7.344981016776085392e-01 1.049302079326268178e+00 3.472533901595281636e-01
1.431438586049584183e+00 -1.565142291954735032e-01 6.820336116250587111e-01
-7.785851688411963289e-01 5.240034392981943734e-01 -2.211506051959454822e-01
-1.665804312361866657e+00 -9.183833138955276032e-02 5.328718350114046709e-01
-1.405171637848361632e+00 4.145792480990616591e-01 -1.435184469847229083e-01
-6.150641616432647729e-02 1.203825137459190397e+00 -1.782867471556384142e+00
-1.619269225586486283e-01 1.812161536285158636e+00 1.339961238880597594e-01
6.825207809869041631e-01 -9.255635213826442220e-02 -1.126678471639154910e+00
9.019256839862147546e-01 -1.039312160446516309e+00 -2.630796627729332648e-01
-5.299106789110084176e-02 1.611216400735427656e-01 5.972730608807911290e-01
1.633365322203476744e+00 4.347658928188970484e-01 -2.420223083520822716e-01
4.634461750025066218e-01 4.326069685498482031e-01 -1.648002192261154852e-01
6.554775064370215176e-01 -6.715471888132493739e-01 -3.619843137715734738e-01
1.905298667460889328e-01 1.847047094315088067e+00 2.540900678552379666e-01
2.884131317989399035e-01 -9.461293634409146946e-01 1.280849735395768740e-01
1.203465592563129460e+00 2.410447477787922566e+00 -3.952471755513733975e-01
-9.852868972648012313e-01 -1.309338462676325809e+00 1.677605147314572109e+00
2.175469097702853460e-01 2.639895906560587036e-01 -9.586364650243546226e-01
-7.822734065910302848e-02 -3.778271304880252979e-01 -2.083940313664069122e-02
1.510008611359210384e+00 -8.585271082489271954e-01 9.006743052482113487e-01
9.880139359464752691e-02 9.750300371696629664e-01 -8.750863053064670272e-01
-1.123339706712978697e-01 1.525053000240144785e+00 2.646804345911895062e+00
-1.709690257111884826e+00 -5.602228203893824254e-01 2.102706273944534854e-01
-1.739164710528187774e+00 -3.793302005053820758e-01 1.704200357723636872e+00
5.538399423512629927e-01 -2.072538480249374260e+00 -2.485228012447801671e+00
-2.342162379852065435e+00 -1.477093997945234660e+00 -5.909348268790252240e-03
-3.999466103235269632e-01 5.938212024626079444e-01 -5.814752947587015219e-01
6.789996363581051186e-01 -5.823321012054714085e-01 -1.628013340791171215e+00
-1.203159432376897930e+00 4.699620748878854948e-01 -6.606577286598201981e-01
-2.834179786278239743e-01 6.057848174602317171e-01 -5.480459803743505942e-01
1.689000339263807771e+00 4.105023854833182995e-01 7.979124313749904607e-01
-6.485089921668694135e-01 -8.448173024556249189e-01 6.021912225012383824e-02
1.326808845596682218e+00 3.227040794454943962e-01 3.238829062938167885e-02
5.267527285170797713e-01 -6.920755223450815175e-01 -2.520206902169164764e-01
-2.388011677484279949e-01 8.266536738125950246e-01 3.033928832607828419e+00
1.433735411799130111e+00 4.230106867555883388e-01 2.398954550929549345e+00
1.122857144173904143e+00 2.129103488421276447e-01 2.057197872716367004e-01
-6.018440573129710813e-01 6.923463067495190248e-01 4.450658241727774023e-01
-3.668051852060967288e-01 -2.682152849776823444e+00 -2.976806118080539965e-01
7.877574981075802230e-02 2.603832577014856819e-01 -2.152056945754096673e-01
1.542491917022563275e+00 -5.245198687810298521e-01 9.586911484218163526e-01
3.231177983286173672e-01 -2.119880991143902604e-01 8.573218484844802312e-01
-1.752677102492206984e+00 4.534063786884921510e-01 -3.657332405310775858e-01
2.141121790578336820e-02 1.263590927431194610e-01 -1.025969018049961212e+00
2.771534418812163780e-01 9.757414692713907156e-01 4.555334078347101912e-01
-2.244419236566738418e-01 -3.805671220912588137e-01 1.873123393609731568e+00
-9.951272374483632888e-01 1.727794842133451247e+00 8.002858758445170473e-01
7.263354870899836335e-01 2.657081458789958273e-01 -1.020736558080862499e+00
1.549497524301825413e+00 1.031516924632800564e-02 -5.445890902800832878e-01
-5.925992159918341828e-01 -2.822698091368097684e-01 5.918616276247845587e-01
-6.691891547299892995e-01 -1.465421456660752630e+00 -1.143150737391650518e+00
-6.868211384454365742e-01 -1.288983323020776561e+00 -5.521119440716565352e-01
2.481666564821840004e-01 -5.637669241234417594e-01 -6.028535111130315371e-01
-5.690247359828067841e-01 -7.405654363278403318e-01 8.688320570257269670e-01
7.643381593189790824e-02 2.519127429423066111e+00 -8.522647342652259761e-01
1.602181833691227242e+00 -3.486883791871807636e-01 -9.927075244370583418e-01
6.168949117622849476e-01 1.436385805234847490e+00 -7.059996122554622611e-01
-1.429175730731164107e+00 -3.360527700767750869e-01 -6.062639573066487542e-02
5.032368219972489509e-01 6.866796215779148727e-02 -3.639119180327745062e-01
3.951894491856691172e-01 -5.068734722963354200e-04 2.833780575397847334e-01
-1.459137009355465642e-01 -4.277938024989265675e-01 1.625132477514338869e-01
4.531820165312940851e-01 1.527674926956518409e+00 -3.870116665907686881e-01
1.007461767162857624e+00 -9.017287413896676318e-01 -2.127407341945224850e+00
1.494087845185129604e+00 -1.218883385323056068e+00 -9.781053050962337236e-01
-5.444235216034329916e-01 -7.217525510329063643e-01 -5.129809977132433474e-01
2.810435132650511147e-01 4.780246359774983356e-01 1.057466677003318756e+00
4.815822715180771429e-01 1.045168466140808800e-01 1.240780299070504578e+00
-1.187783498553675043e-01 9.805948060767236685e-01 -3.347255497355702825e-01
1.717422476335469295e+00 -6.796836966731505392e-01 -6.062222847448230922e-01
4.213513325892157546e-01 1.234360301004661542e+00 1.871632586300965573e-01
-1.436172798034294873e+00 1.421429498864060115e+00 9.670311609201734937e-01
-3.827381048403774577e-01 3.331884704794044194e-01 -1.072287079934382659e+00
5.825619782115083467e-01 -2.162867732192856884e+00 -2.035838180170155276e-01
6.459351082634776642e-01 1.593662219581144956e+00 3.906670858659916368e-01
-1.205042230979780138e+00 -1.341468478110445561e+00 4.322937606906567809e-01
-5.759908201063165256e-01 -1.584573009989831806e-03 -1.373864931819319402e-01
6.906935135067372444e-01 1.029128115954287270e-01 4.730936661381818231e-01
6.123653109252621407e-01 -2.021376187308614181e-01 -1.358471547439212168e+00
-3.043612750862315086e-01 -5.081053302599683463e-02 1.600801108460103039e+00
2.306423128246383458e-01 -9.308192393913060636e-01 -3.195172420169555827e-01
-3.273375974374623243e-01 2.938699374994293012e-01 7.437658749141858872e-01
1.394920720520175683e+00 -2.326060964132141695e+00 -9.826808434795311076e-01
-1.204789202222397604e+00 1.168727938580762959e+00 1.841863418049860979e+00
-1.841087100226084017e+00 3.838157786012370010e-01 -6.878405891338525147e-02
-2.641688836440269084e-01 -1.671244811059760416e+00 9.438259830435475894e-01
3.542570321721635884e-01 -1.695547784796070268e+00 -1.662038992603600995e+00
1.108407874449753638e+00 3.971014209361455327e-01 3.256828490274227272e-01
6.762117946042510708e-01 1.642456456363848571e-01 -8.919452717281277365e-02
2.652871419578649997e-02 -6.824145297532006049e-01 4.332915354330602042e-01
-5.756522877532617155e-01 1.906546416933138977e+00 8.125496129606673001e-01
-1.372864667228032923e-02 -4.990436594420631644e-02 9.294490180632933862e-01
-7.275574128770406768e-01 2.999066676423436384e-01 -8.027061687645949961e-01
1.016055458467811867e+00 5.288308161788315420e-01 -2.892153686889619157e-01
8.317709485942719194e-01 1.155767132740005004e-01 -1.265572325015008825e+00
7.553442191048801435e-01 1.657589807735417198e+00 2.142732902819286522e-01
8.881034898275891321e-01 2.110165522837286756e-01 -2.182063703071640548e-02
4.668494740633541418e-01 -1.591761859975745041e+00 2.709839614312580802e-01
-4.263935620815839656e-01 1.197311730549951436e+00 -2.280911514133221185e-01
7.001957789016369782e-01 -1.295830477929251212e-01 -1.042279711395934561e+00
2.825320355040191259e-02 1.063010971013917061e+00 2.001507329641184774e-01
6.393508168442003647e-01 1.990565770006298141e-01 1.376301270698274459e+00
9.801891502438027370e-02 -1.287069959994298518e+00 -3.246316061787991591e-01
1.086833296791358094e+00 8.728479060741962670e-01 1.645234688990392824e+00
1.196319049975034382e-01 3.035765030712544998e-01 1.934947986943167164e+00
-1.148288296615458171e+00 -1.433813324153229429e-01 -8.104783446919314738e-01
-1.053662583043917106e-01 6.488405228648072010e-01 -1.050952424042666866e+00
8.438072623081207535e-01 -4.348284307722343200e-01 9.821485466066885994e-01
-2.291720267426028065e-02 3.442376604174038346e-01 1.489356226907186498e+00
-5.126084654380514971e-01 -5.936644263165040680e-01 1.289650572141616047e+00
3.063933357165948279e-01 -1.217340588661154133e+00 1.250948817947895031e-01
5.261978531072525334e-01 9.872714148719136107e-01 1.458380927193153154e+00
6.204073991351748418e-01 -1.112580987592373560e+00 -1.028854709811762413e+00
3.878204133515300578e-01 1.528343213517068033e+00 2.167127816358732639e-01
3.209702853835011971e-01 -6.091350370818516824e-01 -4.068049946395210087e-02
-1.378952810276679930e+00 7.104993558425103384e-01 -4.459800697110387624e-01
-7.654512443552050627e-01 -5.374635314038967993e-01 3.127024027135202111e+00
-5.958615796540670528e-01 -2.160074022424694373e+00 1.147435820287308950e+00
1.997628633162236156e+00 5.427903296952478751e-01 3.107146375343291522e-01
6.421041564890477282e-01 -7.760851573577955964e-01 -7.636604293431912271e-01
-6.825671329186490111e-01 1.582436707629366834e+00 -2.447736139870566319e-01
-1.752995587538397348e+00 -4.525201180982381111e-01 1.305824320101102165e+00
-4.970166870264903364e-02 -1.444535641744471542e-02 -1.063179579031340749e+00
4.554330687698007196e-01 -5.137145871977450984e-01 -1.239198622348129275e+00
-6.375859766975410237e-01 2.404471485846377543e-01 8.160192466341255335e-02
-9.495408670388690853e-01 1.540488170651503230e+00 1.238350813431396066e-02
-6.994164457019208525e-01 7.665559995337491994e-01 2.323052295100782594e+00
7.468712418473337777e-01 -4.961148876699299493e-01 3.486090700165439538e-01
2.651142207384539873e+00 -2.883644432092383192e-01 -1.234479157011163952e+00
6.022755094885436922e-01 1.113550312086870386e+00 -7.165918046554647924e-01
1.113695852599150271e+00 1.536550487046095814e-01 6.943999849189012863e-02
5.640363953204741154e-01 1.549689061980979332e+00 -7.769844055079541123e-01
1.205684961001815436e+00 4.898896503791476120e-01 4.521056569419831805e-01
5.104313911072991816e-01 9.372513036450490498e-01 -7.254754934751298512e-01
-1.369124160694753289e+00 -6.196928920742310609e-01 6.382771738204646716e-01
8.537463973146069973e-01 8.911496639997643632e-01 -1.023256996648937101e+00
1.270337175706087285e+00 -6.056062751945447964e-01 -1.117248322984901732e+00
8.669345175973186546e-01 -6.618136139052029909e-01 2.481265581644658078e-03
2.879159422509436350e+00 1.728636089652879626e-01 2.695216601695157976e+00
-2.211573347772356479e-01 -3.075900667897712992e-01 6.943630540502698789e-01
-5.120858900509663858e-01 4.610295285284048139e-02 1.255022988877385060e-01
-1.832749871582527001e+00 9.444181445434488564e-01 1.350502139277050206e+00
-4.239764951903124413e-01 6.912945034946307299e-01 -1.468591874859980217e+00
-5.913950103136238479e-01 -8.539534751222447317e-01 1.799355831015818419e+00
5.834794199940988024e-01 -8.373315619623009076e-02 -5.119377089571262168e-02
4.963459110600831337e-01 6.870144230560484289e-01 -4.735796930384147396e-01
2.466187806146458161e-01 -1.197868867275974747e+00 -2.589568683811101391e+00
3.966557680159101262e-01 -6.652393395779064855e-01 4.387945899974032837e-01
-1.654939468533817848e-01 -3.181196530320579363e+00 -2.109839464773437978e+00
1.694366250262548945e-01 -1.077998645711069514e+00 1.653894964202484719e-01
4.807877132813927479e-01 -1.048210064612528220e-01 -8.043734878686086276e-01
-1.914926239944927389e-01 5.263492340702977668e-01 3.052319314249240523e-01
2.095645283658152114e-01 4.873591841815962944e-01 -1.245104088188159430e+00
1.222787359599341706e+00 1.168957102729874103e-01 1.806957882019385231e+00
-8.329766209557891710e-01 7.898724570496483688e-01 -1.573840674633818493e+00
6.171169263262901022e-02 1.319781500289735954e+00 -1.611044036370528287e+00
1.230572137282028633e+00 -1.663053236446156713e-01 -9.481161158958351098e-01
-2.368364109015776153e-01 -1.103112598179625037e+00 1.888048086685796267e+00
-2.497965936110308760e-01 -3.606927060036267951e-01 1.044912926112410601e+00
1.448322768447392717e+00 -1.099140934107392553e+00 -2.205091995569569696e-01
-1.042921483547577521e+00 4.536363447411840277e-01 1.577392108777545099e+00
-9.845849674890445880e-03 2.149131316894944688e-01 -6.931893847082065685e-01
-4.247919657117564252e-01 -1.811059468127560024e+00 -1.006880507361537669e+00
3.310089228257519917e-02 1.135775136684578746e+00 -7.555307088885376832e-01
-8.413540432317370144e-01 -1.039375273756974805e+00 -1.707462408691431399e+00
-1.700548123858028893e-01 -2.156858356992643819e-02 4.774312069605468611e-01
-1.866958562966139379e+00 3.392388658043071215e-01 1.066665383724166638e+00
7.647581180237573717e-01 2.256796710587943011e-01 4.059008227020211024e-01
-2.880921703664394151e-01 1.852342755245479089e-01 9.470822580227235277e-02
-1.067551249264851121e+00 -1.591255064187711454e+00 1.412979082137038045e+00
-1.100145529799959609e+00 -8.086322875209580596e-01 9.188245408109195766e-01
-1.157393043027148995e-02 1.013970537758340562e+00 -1.968642193622991421e+00
-2.534362541506535726e-01 9.528040415609384528e-01 -4.459220031939424844e-01
2.437372928729142907e-01 -1.197388083682237037e+00 -2.066063755721866402e-01
8.013983107055653310e-01 -8.380271817837520176e-01 -1.094665462838931624e+00
4.479968910122457681e-01 -2.168501973880038458e-01 1.702366572916301501e-01
3.700195282151210741e-01 6.184804831828502047e-01 8.196611851865749365e-01
4.978674288703989759e-01 8.576282703251550954e-01 9.733078021308882999e-01
-1.636480692054973485e+00 -3.284287543704852430e-01 -1.583919486602473947e+00
3.958918941366977862e-01 4.945085801962272876e-01 -1.137886516387749181e+00
-9.771079408630878316e-02 -6.269773497611919044e-01 -6.603510257266504979e-01
5.530332751878123121e-01 -1.279085741827645506e-01 -4.721948763539458027e-01
2.410437215003889744e+00 1.536529918833290154e+00 7.376468613249097528e-01
-9.000481963667308349e-01 3.838323190067757240e-01 -1.687676322988646227e+00
2.160362315349144247e+00 1.478143615238181330e-01 -3.968332054914670004e-01
-1.732831580769205848e+00 -7.136715001197938557e-01 1.391989351636366612e+00
1.475778729855811988e-01 -1.546918211292866552e+00 -4.546581947073218832e-01
-3.807919035050817413e-01 -9.389568619545655137e-01 -3.281479372000868366e-01
8.651092178682014966e-01 5.908224300104852889e-01 -1.492684271259285600e+00
-6.731056066797271864e-01 -7.800370193050424339e-01 1.763187694954275075e+00
2.067345724584898292e+00 -4.640572581981126654e-01 -1.203403599315161637e-01
1.135856331688070986e+00 1.079871446177871341e+00 1.666463108617970867e+00
1.253654688098232994e-01 -1.728390349922516167e-01 -1.311933707531973248e+00
3.743578458884313509e-01 2.038440533522908105e+00 3.231274982728456480e-01
7.778269070090608750e-01 3.452346528483797305e-01 8.839271354172359985e-01
8.407153887420664162e-01 -2.304300305504180801e-01 2.709805107240338407e-01
-4.716740513263049939e-02 7.997356482781847742e-01 3.524569515643100059e-01
3.669259697807473186e-01 9.753186928765644748e-01 -3.319530828935360334e-01
-1.497817231819202011e+00 -1.796765689642262132e+00 -5.358409669302676148e-01
-4.677406196841665253e-01 -2.622138296223225362e-01 -5.092403150582567317e-01
-1.068673322072068443e-01 -2.105193357511900842e-01 1.540170645995532661e+00
-3.095664724632045117e-01 -1.621188929484256525e+00 -2.134796951470977755e-01
7.624992059279211976e-01 5.733056749750720105e-01 1.439507895530553749e-01
-7.522200013134107133e-01 -6.570794773147923262e-01 2.148722342025189747e+00
-6.304139044271332704e-02 8.001922357505378836e-01 2.395742474221911888e-01
5.152851921419620007e-01 -6.623419548097624343e-01 4.760160762192649497e-01
1.390106321796408029e+00 -7.396720779011638491e-01 -6.734058545777665827e-02
-6.993339736685456609e-01 -4.719098907636778278e-02 1.914968564695588849e-01
1.152097594598014973e+00 7.054611049950033630e-01 5.201260808940120217e-01
6.308134111401072497e-01 6.433523299577381671e-01 3.299278606974405670e-01
-1.932916346665885188e+00 -6.569236260199806665e-01 2.916650540427821459e-01
7.357280431293622414e-01 3.470228081737358750e-01 9.575034500592659592e-01
-1.261106362572652184e+00 -3.591112688736075587e-01 1.954281765954587247e+00
-7.411139732265500379e-01 1.006476679528975460e+00 -5.327713384502615057e-02
2.463293431695530444e-01 8.343025057148141244e-01 -1.071874606519092277e+00
3.055506992437382885e-01 -1.367297961744817103e+00 -1.494913867668512086e+00
8.229853175575817248e-02 6.196432416191746673e-02 -1.289357659496288777e+00
-7.481472028491158444e-01 -7.791096548926186305e-01 -6.956910740711068630e-01
1.289197573555295850e+00 -6.917899996750039859e-01 -1.999791904022011124e+00
-1.322795071687240531e+00 -3.328547720654707609e-01 -2.492663349046510546e-01
-3.629655381502551736e-01 -1.728434406344375951e+00 1.339940564271686618e+00
-2.011712411972197856e+00 3.192824103038883754e-01 -7.154625728248910077e-01
6.693907474915282707e-01 -6.117176763505022263e-02 -3.241687684162101735e-01
-1.407905215650599451e-01 -2.472611136193558323e+00 -5.460154931794699573e-01
-1.199527722197782031e+00 1.634972302180080828e+00 -4.301093673939955231e-01
4.065043831239895100e-01 1.089905268265601634e+00 1.950008524270436805e-01
4.659169165426793047e-01 -3.793087150650714667e-01 8.859366736960791466e-02
-1.200943386022013115e+00 1.016481918472367463e+00 9.212755339194546034e-01
-6.354359422240449806e-01 -4.086034185472873781e-01 -4.623540206323575874e-02
-8.175270569938591914e-01 -1.127158187040776305e+00 1.408935431551526229e-01
8.029633802147545518e-01 -8.138844180386656246e-01 2.207518272011809238e-02
1.859083501803342475e-01 -2.481136191843370253e-01 1.269728511140140181e+00
2.000180422994909391e-01 -9.714156308081718372e-01 1.626139463983088951e-01
3.002637441608732027e-01 1.280283803291015543e+00 1.249929745799945202e+00
1.936284685241515188e-02 -1.594031485460106978e+00 6.812484297505227993e-01
-5.009514930680691175e-02 1.514708191100457846e-01 -3.699773948277790270e-01
7.230301050719938338e-01 2.299575913333532284e+00 -3.847449834599074303e-01
-1.612659006711255394e+00 -8.036653056207321288e-01 6.530240039889841919e-01
-1.671808597486206471e+00 -1.787633672742532376e+00 -5.101384021759604037e-01
1.220261009709300737e+00 -4.544512602684664393e-01 -1.223051298778769391e+00
7.416146460290790055e-01 3.604448685129307273e-01 -5.475264885605681808e-01
3.724434437527620601e-01 1.639117709840969050e+00 -2.149601973314184900e+00
-5.391265997038361402e-01 6.957384082724490382e-01 8.728314050488477083e-01
-2.054397587121138957e-01 2.291371842980314821e-01 1.345545238269437727e+00
3.596421989186241452e-01 -9.430198733950866385e-01 1.398012449088666120e-01
2.611508251162705796e-01 1.321173655807344582e+00 1.970607975234997866e+00
-1.082957944275138251e+00 8.622027359255916013e-01 1.287708732648880972e+00
1.631241499472493028e-01 4.567457621320982625e-02 8.307727571329976968e-01
2.567573389258804184e+00 -1.036325634044677146e+00 -6.791671077208247254e-02
1.749154075609792025e-01 3.839011090629373957e-02 -1.266317913513440585e-01
-1.749094523150675151e+00 8.129996435989097492e-01 -1.992220228956585570e+00
-7.334536173399615056e-01 -5.900146945005890764e-01 5.600924747760985811e-01
1.824357974591904297e+00 1.761746184308730090e+00 -2.013324212094732280e-01
-9.882928183896859675e-01 1.567459215690772067e+00 -1.900977886193992716e-01
1.660966605016535258e+00 -1.754045091026834868e-01 -1.043680985993418409e+00
-1.155900098463078285e+00 -9.635875468762038487e-01 -5.657365785483304821e-01
-2.000242006273373452e+00 1.377548190417842378e+00 7.333029129326839035e-01
1.539875855035147900e+00 2.830296705509281474e-01 -6.458536622152660778e-01
1.229739323723507027e+00 -1.148082952312960536e+00 -4.211106604763447114e-01
-3.498816037048343985e-01 3.845772413243562227e-01 1.242140716946188717e-01
7.330946393904741454e-01 2.353428053281811483e+00 -5.055127816438682586e-01
-1.488445100615616079e+00 7.970305380858234701e-01 4.908070555317287087e-01
1.699335197500870809e-01 1.021002551761673649e+00 1.160256700819280562e+00
1.008008608583267129e+00 6.584957966724938050e-01 -8.921649134197566777e-01
4.430787017704302388e-01 1.345806123325376191e+00 9.035099390175247436e-01
-8.760421537959606209e-02 -1.336026931894090497e+00 -8.981545873939789093e-01
9.077271536398628937e-01 2.370963957441689363e-02 -6.031915578216341389e-01
5.996945567382533371e-02 4.795271363676679305e-02 -6.747642501734175680e-01
2.885376409591162150e-01 9.200966802207292128e-01 1.207541929440107076e+00
-8.576009335695078395e-02 -1.392448780348126414e-01 4.484759491774754220e-02
3.860786079224181599e-01 -4.494910696243484272e-01 -2.329899928883266413e-01
3.636733381990158720e-01 1.085963152098948781e+00 -1.203014713468298247e+00
-4.243317226113961782e-01 -9.470799282519619666e-01 6.860282929206673944e-03
6.534453838763715217e-01 2.266544796662393502e+00 -8.196290997647415200e-01
4.060515132132416216e-01 1.691315744603761329e-01 3.222886701796846554e-01
1.584960605165179892e+00 -7.770661205604527666e-01 1.834195094417390592e+00
-8.168475999236790575e-01 -1.686077507257555785e+00 1.467328585809793529e+00
-1.936195484764900998e+00 -2.877987751553878315e+00 -2.448559898499394816e+00
1.447693443502741761e+00 1.296089272037807549e-01 1.794154803169466073e+00
2.558634909342193620e+00 3.049775015978461457e-01 7.902642972962055090e-01
-3.631505468920122048e-01 1.273505754360336528e+00 3.287557369695072396e+00
7.130111332443385130e-01 -6.655206245805841414e-01 -1.843552906286473059e+00
-6.847504365629137890e-01 2.839190252481962884e-01 6.235458095684026647e-02
-1.258121678269132238e+00 5.598351111161752325e-01 1.124524144604078124e+00
-1.345181349297499412e-02 -3.098150743695134990e-01 2.188736058728557587e+00
-3.084938428898063578e-01 -1.372489581213117038e+00 -2.186003581111033711e-01
-2.611832219175133640e-01 1.539479623674829822e-01 2.178874020147700541e-01
-1.116227045902464313e-02 2.628580911834655365e-01 3.088615881815197084e-01
-2.204548277415020241e+00 -2.232754541271546322e-01 -1.326740440501462670e-01
1.478901093451678861e-01 2.245200346705795436e-01 7.633649420925858742e-01
2.205245201650712916e-01 -7.296429839343031298e-02 -8.601422181719645677e-01
1.115946058337305535e+00 -4.693221131510714184e-01 -4.501388131876546406e-01
-8.478481711435464918e-01 8.047953568499057742e-01 6.579638484048686564e-01
-9.449360669072576213e-01 9.719781973938419473e-01 4.276214479989982054e-01
8.787524378928527335e-01 -5.423825654928403628e-01 -7.126636021924022124e-01
2.070070946342458029e+00 -1.510192849918108315e+00 -1.146975427426525806e+00
-1.280915745233047742e-01 -1.714198697902509450e+00 -1.843768121709787877e+00
1.935533758860945364e+00 -4.719355276060975268e-01 -6.711149995869304385e-01
-1.378820313149401899e+00 -2.808622499579126242e+00 -6.538266081701626931e-01
-3.596226988959234094e-01 -5.751999122745500292e-01 -1.050129338432831183e+00
5.065681375209126758e-01 4.891511858887614972e-01 -1.222223471135262113e-01
-3.570216192494743979e-01 2.053282380482610581e+00 -2.188549441856439515e+00
-1.164601458341451012e+00 1.310186767179662537e+00 2.240376299953151573e+00
-6.694094495546384360e-01 2.969422405370905071e-01 1.026863796900559622e+00
-2.623315296458507695e-01 -6.509826190134006263e-02 -2.561579791369108725e-02
3.033950822407928127e-01 -8.169379090593584802e-01 5.958251255983235684e-01
-6.830362148650359622e-01 -1.813913377895287615e+00 5.138270024111755152e-01
-1.783429915923742393e-01 8.384721109153755458e-01 -1.898999869015528461e-02
9.760678596358911552e-01 -2.910824276001284239e-01 -1.390340870984929866e+00
-1.531065585382489269e+00 1.841396327530670840e+00 3.018091148315957817e-01
4.809273488152410181e-01 -5.443292559164676359e-01 1.080351945112717926e+00
8.702911337822909488e-01 1.737476837584613465e+00 -1.864647284610242650e+00
-3.605231869963831381e-01 -1.092832231636980733e+00 -1.598464573800512656e-01
-4.037559255389183005e-02 7.721656907841069062e-01 -6.922467878355736959e-01
2.940141113009953622e-01 9.075305252428261804e-01 -8.386406444283229789e-01
1.554723495027814817e+00 -7.928733832211248833e-01 1.441530241355703845e+00
-2.111087726479661253e-01 2.128388011959322146e+00 7.595070322236707749e-01
1.935814780336297669e-01 3.166844254784231816e-01 -1.176882045713226604e-01
-5.401990318990319562e-01 2.498117100376604505e-01 6.757032417199781982e-01
-2.259763373320957669e-01 -8.934471910760995519e-03 3.216723875249773434e-01
6.284404187131825692e-01 -1.667876161266360180e+00 1.572249760883052128e-01
3.495356827310760472e-01 -1.502329678734571905e-01 -1.141034135491421520e+00
-1.341537817842179736e+00 1.014129086123937373e+00 1.777872095314758372e-01
-4.362146484480788344e-01 -5.941341532151538374e-01 2.229193642864271130e+00
-1.558332447323969305e-01 -2.084723656515829748e-01 1.155230955944069882e+00
4.533802481930591100e-01 -1.087663023127123596e+00 -3.739102132533047573e-01
7.516480404564244155e-01 9.665919653044796611e-01 -1.192361840085553321e-01
-5.570389329048631710e-01 1.166405916532859965e+00 1.334013728884663186e-01
3.563899567567430648e-01 2.537220913901739316e-01 -3.427155067260821419e-01
-1.749161353039596856e+00 -3.144876861404435342e-01 -1.283525172029424288e+00
-1.070940199314490915e+00 -1.094684228442962537e+00 1.066945701076736919e+00
1.813560879297738904e+00 -6.606975757019389883e-01 8.730362751599968218e-02
2.242007612948952122e+00 1.074171326380579661e+00 2.807681312074840063e-01
-5.709410781836997684e-01 -5.641123038872516426e-01 2.032592167686622542e+00
7.874197165683046729e-01 -1.276376005485160947e+00 -4.274867719046510084e-01
3.557234057817693640e-01 -1.583902577346640417e+00 -1.123094773758527509e+00
8.842606482199366624e-01 2.417669866445069371e-01 3.605505752555173138e-01
8.858837820791445883e-02 -1.501721830048306838e+00 -5.630905161825021654e-01
5.750326845327624614e-01 9.831991014393823836e-01 5.286820864932149089e-01
4.157171611502643582e-01 -1.160051377886172519e+00 -3.796340987859394556e-01
2.136838758659757309e-01 4.906496368010742071e-01 -4.268377558241115421e-02
-8.860436824139733547e-01 8.080653820513822305e-01 -3.787927984583075447e-01
1.111067117624700701e-01 1.245793010637879394e+00 -8.888022377035087462e-02
-1.550701919369003590e-01 -7.020370266089365208e-01 -1.415914601711605769e+00
-5.472252790911639186e-01 5.583396308531721752e-01 -4.685754121122528981e-01
7.667839276573090723e-02 -6.376495705701529237e-01 2.341312174887379971e+00
-2.633583310792716320e-03 1.441891388667330964e-01 2.715986543401422093e+00
-1.582816012622258350e+00 2.415144765873868671e-01 -1.079668144960378218e+00
-5.767158558774445609e-01 -1.402218716123926789e+00 -2.246987045989444209e-01
-2.795182288739294640e-01 -2.073168694596001227e-01 2.707328905050106482e-01
2.532748863802438688e-01 3.637934856346030643e-01 -1.054318392067254972e+00
3.908740885521491681e-02 1.921924875150381462e-01 -3.409360864059778895e-01
-6.915127448213230499e-02 2.014018654503559602e-01 2.164055727284635300e-01
